Artist : Kurokotei
Song Name : Galaxy Collapse
Difficulty : 0
BPM : 270
Background Image : charts\Kurokotei-Galaxy Collapse\gallaxy collapse.jpg
Audio : charts\Kurokotei-Galaxy Collapse\Galaxy Collapse.mp3

1 Column Hit Times:
124,
457,
790,
1457,
1790,
2346,
2568,
3124,
3568,
3901,
4457,
4790,
5012,
5346,
5901,
6235,
6568,
7124,
7568,
7901,
8346,
8568,
8901,
9346,
9901,
10235,
10790,
11235,
11568,
12012,
12346,
12790,
13124,
13568,
13790,
14124,
21790,
23124,
24457,
25346,
26235,
27124,
27568,
32012,
32235,
32568,
32901,
33235,
33568,
33679,
33901,
34124,
34457,
34901,
35235,
35401,
35512,
35679,
36012,
36235,
36679,
37012,
37346,
37568,
38012,
38235,
38457,
38568,
39235,
39568,
40012,
40346,
40679,
40790,
41124,
41346,
41568,
41901,
42235,
42457,
42568,
42679,
42901,
43124,
43568,
43901,
44235,
44346,
44568,
44901,
45235,
45457,
45679,
45846,
45957,
46124,
46346,
46457,
46679,
46901,
47012,
47124,
47346,
47568,
47901,
48124,
48457,
48901,
49012,
49290,
49568,
49790,
50012,
50235,
50457,
50790,
51124,
51568,
51790,
52012,
52457,
52568,
52790,
53568,
53679,
53901,
54012,
54179,
54346,
54568,
54735,
54901,
55012,
55124,
55235,
55568,
55901,
56012,
56346,
56512,
56624,
56735,
56846,
57012,
57124,
57346,
57568,
57790,
58124,
58235,
58457,
58568,
58679,
58901,
59068,
59346,
59457,
59568,
59790,
59901,
60096,
60179,
60318,
60429,
60901,
61346,
61568,
61790,
62012,
62235,
62679,
63124,
63346,
63679,
63846,
63957,
64235,
64679,
64901,
65124,
65346,
65790,
66235,
66457,
66901,
67124,
67346,
67457,
67568,
68012,
68235,
68457,
68901,
69346,
69568,
69790,
70012,
70235,
70457,
70790,
70957,
71068,
71346,
71790,
72012,
72235,
72457,
72679,
72901,
73346,
73790,
74012,
74235,
74512,
74679,
75346,
75568,
75790,
76012,
76679,
77346,
77568,
78068,
78179,
78457,
78679,
78901,
79568,
79790,
79901,
80012,
80235,
80457,
81124,
81346,
81568,
81679,
82235,
82901,
83124,
83790,
84457,
84679,
84901,
85124,
85235,
85346,
85568,
85679,
86012,
86235,
86346,
86679,
86790,
86957,
87068,
87179,
87457,
87596,
87707,
87818,
87929,
88901,
89012,
89124,
89346,
89568,
89790,
90012,
90235,
90679,
90901,
91124,
91346,
91568,
91790,
92012,
92235,
92346,
92457,
92679,
93012,
93346,
93568,
93790,
94012,
94124,
94457,
94679,
94901,
95124,
95235,
96012,
96235,
96457,
96901,
97235,
97568,
97679,
98012,
98457,
98679,
98901,
99124,
99346,
99457,
99568,
100012,
100235,
100346,
100568,
100901,
101012,
101346,
101568,
101901,
102235,
102346,
102568,
102762,
102874,
103012,
103346,
103679,
103846,
103957,
104235,
104457,
104790,
105012,
105346,
105679,
106012,
106179,
106457,
106679,
106901,
107124,
107346,
107679,
107901,
108235,
108346,
108679,
108901,
109124,
109235,
109790,
110235,
110457,
110568,
110790,
110901,
111068,
111235,
111457,
111624,
111790,
111901,
112012,
112124,
112457,
112790,
112901,
113235,
113401,
113512,
113624,
113735,
113901,
114012,
114235,
114457,
114679,
115012,
115124,
115346,
115457,
115568,
115679,
116012,
116235,
116346,
116457,
116679,
116790,
116985,
117096,
117207,
117290,
117790,
118590,
119390,
120190,
123390,
129790,
130190,
130590,
130890,
131190,
131790,
132190,
132390,
132690,
132890,
133590,
134190,
134590,
134990,
135990,
136390,
136990,
138390,
138590,
138990,
139990,
140390,
141590,
141790,
143190,
143790,
144390,
144590,
144990,
145190,
146190,
146590,
147590,
148190,
148390,
148590,
149990,
151190,
151390,
151790,
151990,
152990,
153390,
154590,
154790,
154990,
155090,
155190,
155290,
155390,
156480,
156844,
157510,
158177,
158792,
159100,
159692,
160549,
161082,
161349,
161865,
162115,
162615,
162850,
163320,
163556,
164000,
164222,
164654,
165075,
165286,
165886,
166086,
166466,
166847,
167210,
167574,
167747,
168095,
168269,
168769,
168935,
169255,
169415,
169728,
169882,
170190,
170338,
170634,
170782,
171067,
171353,
171628,
171766,
172037,
172170,
172437,
172566,
172953,
173078,
173328,
173453,
173695,
173816,
174172,
174407,
174753,
174868,
175099,
175214,
175330,
175445,
175676,
175849,
175964,
176080,
176195,
179453,
179553,
179853,
180053,
180253,
180353,
180653,
180753,
181053,
181253,
181353,
181653,
181753,
182053,
182253,
182453,
182853,
183053,
183153,
183453,
183653,
183853,
183953,
184253,
184453,
184553,
184753,
184853,
185053,
185153,
185253,
185453,
185553,
185653,
185853,
186053,
186153,
186453,
186553,
186853,
186953,
187253,
187453,
187653,
187853,
188053,
188253,
188353,
188653,
188953,
189053,
189253,
189453,
189653,
189853,
190053,
190153,
190453,
190753,
190953,
191153,
191353,
191453,
191653,
191853,
191953,
192053,
192253,
192453,
192653,
192853,
193053,
193153,
193453,
193553,
193853,
194053,
194153,
194453,
194653,
194853,
194953,
195253,
195353,
195553,
195853,
195953,
196253,
196353,
196653,
196753,
197053,
197253,
197453,
197653,
197753,
198053,
198153,
198303,
198553,
198653,
198853,
199053,
199253,
199353,
199653,
199853,
200053,
200253,
200453,
200553,
200853,
200953,
201253,
201453,
201653,
201853,
202053,
202153,
202453,
202653,
202853,
203053,
203253,
203453,
203653,
203953,
204053,
204203,
204353,
204653,
204753,
204853,
204953,
205053,
205353,
205453,
205653,
205753,
205953,
206053,
206253,
206453,
206603,
206753,
206953,
207153,
207253,
207453,
207553,
207753,
207903,
208003,
208153,
208353,
208453,
208653,
208853,
209053,
209253,
209353,
209553,
209653,
209803,
210003,
210153,
210253,
210353,
210553,
210703,
210803,
210953,
211128,
211228,
211353,
211553,
211653,
211853,
211953,
212153,
212253,
212553,
212653,
212953,
213053,
213253,
213353,
213553,
213653,
213853,
214053,
214153,
214303,
214453,
214653,
214953,
215153,
215353,
215553,
215753,
215953,
216153,
216253,
216353,
216453,
216653,
216753,
216903,
217053,
217253,
217353,
217528,
217628,
217728,
217828,
217953,
218153,
218353,
218653,
218753,
218953,
219053,
219253,
219403,
219553,
219653,
219853,
220053,
220253,
220453,
220553,
220703,
220853,
221153,
221253,
221453,
221553,
221753,
221953,
222153,
222253,
222453,
222603,
222803,
222953,
223153,
223253,
223353,
223503,
223603,
223753,
224053,
224353,
224453,
224753,
224853,
225053,
225153,
225353,
225553,
225653,
225803,
225953,
226053,
226253,
226453,
226753,
226853,
227053,
227153,
227253,
227453,
227603,
227753,
228053,
228203,
228453,
228703,
228853,
229053,
229153,
229303,
229453,
229553,
229703,
229853,
229953,
230053,
230153,
230253,
230353,
230453,
230553,
230653,
230859,
231066,
231273,
231584,
231790,
231997,
232204,
232308,
232515,
232825,
233135,
233446,
233653,
233963,
234170,
234377,
234790,
234997,
235204,
235308,
235515,
235618,
235928,
236239,
236446,
236549,
236756,
236859,
236963,
237066,
237273,
237487,
237701,
238023,
238344,
238558,
238665,
238880,
239094,
239415,
239737,
240058,
240273,
240594,
240808,
241130,
241344,
241558,
241987,
242094,
242308,
242415,
242844,
243058,
243273,
243487,
243594,
243808,
243996,
244103,
244352,
244574,
245018,
245463,
245907,
246130,
246352,
246574,
246796,
247018,
247241,
247463,
247574,
247685,
247907,
248130,
248574,
248796,
249018,
249241,
249463,
249685,
249907,
250352,
250574,
250796,
251074,
251241,
251463,
251685,
252130,
252352,
252574,
252796,
253018,
253463,
253907,
254130,
254352,
254574,
254685,
254796,
255018,
255241,
255685,
255907,
256130,
256574,
256796,
257018,
257241,
257685,
257907,
258130,
258241,
258796,
259018,
259685,
259907,
260018,
260130,
260352,
260574,
261241,
261463,
261685,
261796,
261907,
262574,
262796,
263018,
263241,
263907,
264574,
264796,
265296,
265463,
266130,
266352,
266574,
266796,
267463,
268130,
268352,
268574,
268796,
268907,
269018,
269352,
269463,
269685,
269907,
270130,
270352,
270463,
270685,
270796,
271018,
271241,
271352,
271518,
271630,
271907,
272130,
272352,
272463,
272574,
274351,
276129,
277907,
281240,
281462,
283240,
284574,
285907,
286796,
287240,
287685,
288129,
288574,
289240,
289462,
289907,
290129,
290240,
290796,
291240,
291685,
292129,
292574,
293018,
293129,
293240,
293907,
294018,
294129,
294574,
294796,
295018,
295129,
295462,
295685,
295796,
295907,
296129,
296351,
296574,
296796,
297018,
297240,
297351,
297685,
297796,
298018,
298240,
298462,
298574,
298796,
299129,
299240,
299574,
299907,
300240,
300574,
304218,
304418,
304518,
304818,
304918,
305218,
305318,
305618,
305718,
306018,
306218,
306418,
306618,
306718,
307018,
307418,
307618,
307818,
308018,
308218,
308418,
308518,
308818,
309018,
309218,
309318,
309718,
309818,
309918,
310018,
310218,
310318,
310418,
310618,
310718,
311018,
311218,
311418,
311518,
311818,
311918,
312218,
312418,
312618,
312818,
313018,
313118,
313418,
313718,
314018,
314218,
314418,
314618,
314818,
314918,
315218,
315518,
315718,
315918,
316118,
316218,
316418,
316518,
316718,
316818,
317018,
317218,
317318,
317618,
317718,
318018,
318218,
318518,
318618,
318818,
318918,
319218,
319418,
319618,
319718,
320018,
320118,
320318,
320618,
320718,
321018,
321118,
321418,
321518,
321818,
322118,
322418,
322518,
322818,
322918,
323068,
323318,
323418,
323618,
323818,
324018,
324118,
324418,
324618,
324818,
325018,
325218,
325318,
325618,
325718,
326018,
326218,
326418,
326518,
326818,
326918,
327218,
327418,
327618,
327818,
328018,
328218,
328418,
328518,
328818,
328968,
329118,
329318,
329468,
329568,
329693,
329793,
329911,
330099,
330193,
330380,
330474,
330661,
330755,
331036,
331130,
331271,
331411,
331505,
331786,
331880,
332068,
332161,
332349,
332489,
332583,
332724,
332818,
333005,
333099,
333286,
333474,
333755,
333849,
334036,
334130,
334271,
334411,
334505,
334693,
334786,
334974,
335114,
335208,
335349,
335489,
335583,
335724,
335911,
336005,
336286,
336474,
336661,
336755,
336943,
337036,
337224,
337318,
337505,
337599,
337786,
337974,
338255,
338349,
338489,
338583,
338724,
338818,
339005,
339193,
339380,
339568,
339755,
339849,
340036,
340224,
340318,
340458,
340599,
340739,
340880,
341068,
341255,
341349,
341489,
341583,
341677,
341771,
341911,
342099,
342193,
342380,
342474,
342755,
342849,
343130,
343271,
343411,
343693,
343786,
343974,
344161,
344349,
344536,
344630,
344818,
345005,
345099,
345286,
345380,
345568,
345943,
346036,
346224,
346318,
346458,
346599,
346739,
346880,
347068,
347161,
347255,
347443,
347630,
348005,
348286,
348380,
348568,
348755,
348849,
349036,
349130,
349271,
349411,
349693,
349880,
349974,
350161,
350255,
350443,
350536,
350630,
350818,
350958,
351193,
351380,
351708,
351849,
351989,
352130,
352318,
352411,
352552,
352693,
352786,
352927,
353068,
353161,
353255,
353349,
353443,
353536,
353630,
353724,
355036,
355318,
355505,
355880,
356161,
356724,
356911,
357286,
357661,
358224,
358411,
358974,
359161,
359349,
359630,
359818,
360193,
360380,
360661,
361224,
361411,
361693,
362068,
362818,
363005,
363286,
363849,
364505,
364880,
365068,
365349,
365724,
365818,
366193,
366474,
367224,
367411,
367599,
367974,
368255,
368443,
368630,
368818,
369286,
369661,
370318,
371068,
371911,
372193,
372474,
373318,
373693,
374068,
374818,
375099,
375286,
375661,
375849,
376130,
376599,
376880,
377068,
377630,
377818,
379318,
380068,
380818,
382318,
383068,
383818,
385318,
386068,
386818,
389068,
389818,
391318,
392818,
394318,
395068,
396568,
397318,
398818,
399568,
400318,
401255,

1 Column Long Note Times:
14346,
14679,
15012,
15679,
16012,
16568,
16790,
17346,
17790,
18124,
18679,
19012,
19235,
19568,
20124,
20457,
20790,
21346,
22124,
22457,
22679,
23457,
24012,
24679,
25012,
25568,
25901,
26457,
26790,
27790,
28124,
38901,
53124,
74901,
76235,
76901,
77790,
79124,
80679,
81790,
82457,
83346,
84012,
88235,
95568,
119790,
120390,
120990,
121590,
122190,
124590,
125523,
126190,
128190,
133190,
133790,
135390,
137390,
137790,
139390,
140990,
142590,
145590,
147190,
148990,
150190,
150590,
152190,
153790,
258352,
259241,
260796,
262129,
263463,
264130,
265018,
265685,
267018,
267685,
301018,
353818,
356349,
357849,
358599,
360849,
362349,
363568,
364130,
366849,
369849,
370599,
371255,
371630,
372849,
374349,
376318,
377255,
378849,
380349,
381849,
382599,
384849,
386349,
387568,
388130,
390849,
393849,
394599,
395255,
395630,
396849,
398349,

1 Column Release Times:
14457,
14790,
15124,
15790,
16124,
16679,
16901,
17457,
17901,
18235,
18790,
19124,
19346,
19679,
20235,
20568,
20901,
21457,
22235,
22568,
22790,
23568,
24124,
24790,
25124,
25679,
26012,
26568,
26901,
27901,
28235,
39124,
53346,
75124,
76457,
77124,
78012,
79346,
80901,
82012,
82679,
83568,
84235,
88401,
95790,
119990,
120590,
121190,
121790,
122590,
124790,
125656,
126390,
128590,
133390,
133990,
135790,
137590,
138190,
139790,
141390,
142990,
145990,
147390,
149790,
150390,
150990,
152590,
154190,
258574,
259463,
261018,
262352,
263685,
264352,
265241,
265907,
267241,
267907,
304018,
354849,
356630,
358130,
358880,
361130,
362630,
363755,
364318,
367130,
370130,
370880,
371443,
371818,
373130,
374630,
376505,
377443,
379130,
380630,
382130,
382880,
385130,
386630,
387755,
388318,
391130,
394130,
394880,
395443,
395818,
397130,
398630,

2 Column Hit Times:
235,
1012,
1235,
1568,
2124,
2457,
2790,
3346,
3790,
4124,
4679,
5124,
5679,
6457,
6790,
7235,
7568,
8012,
8235,
8457,
9012,
9346,
9679,
10012,
10346,
10679,
10901,
11124,
11346,
11679,
12012,
12235,
12457,
12679,
13012,
13235,
13457,
13901,
14235,
21346,
23568,
25790,
32012,
32235,
32457,
32790,
33012,
33346,
33568,
34012,
34346,
34568,
34790,
35012,
35235,
35401,
35512,
35790,
36012,
36346,
36568,
36901,
37346,
37679,
37901,
38124,
38568,
38901,
39124,
39346,
39679,
39901,
40235,
40457,
40679,
40790,
41012,
41346,
41679,
42012,
42346,
42512,
42624,
42901,
43235,
43457,
43679,
44235,
44346,
44679,
45012,
45457,
45568,
45874,
45985,
46179,
46457,
46568,
46790,
46957,
47068,
47235,
47679,
48012,
48235,
48568,
48901,
49012,
49346,
49457,
49790,
50124,
50457,
50679,
50901,
51235,
51568,
51790,
52124,
52457,
52679,
52790,
53124,
53346,
53568,
54012,
54179,
54457,
54568,
54735,
54957,
55068,
55235,
55346,
55568,
55679,
55901,
56012,
56124,
56346,
56512,
56624,
56735,
56846,
57235,
57346,
57624,
57790,
58012,
58124,
58485,
58596,
58679,
59012,
59374,
59485,
59624,
59790,
59957,
60068,
60207,
60290,
60401,
60679,
60901,
61124,
61346,
61568,
62012,
62124,
62457,
62679,
62901,
63346,
63568,
63846,
63957,
64235,
64457,
64679,
64901,
65346,
65568,
65790,
66012,
66457,
66679,
67124,
67346,
67457,
67568,
67790,
68235,
68679,
68901,
69124,
69346,
69568,
70012,
70457,
70679,
70957,
71068,
71346,
71568,
71790,
72012,
72235,
72679,
72790,
73124,
73568,
73790,
74012,
74346,
74512,
74624,
74901,
75124,
75790,
76901,
77124,
77790,
77901,
78068,
78179,
78457,
79124,
79790,
80012,
80679,
80901,
81568,
81679,
81790,
82012,
82235,
82457,
82679,
82901,
84012,
84235,
84901,
85124,
85235,
85346,
85679,
85790,
86012,
86179,
86346,
86457,
86679,
86790,
86957,
87068,
87235,
87401,
87624,
87735,
87846,
87957,
89012,
89235,
89568,
90012,
90346,
90568,
90901,
91235,
91568,
92012,
92235,
92346,
92457,
92790,
93124,
93346,
93679,
94012,
94124,
94346,
94679,
95124,
95346,
95568,
96012,
96235,
96568,
96790,
97124,
97346,
97568,
97679,
97901,
98124,
98346,
98679,
99012,
99235,
99401,
99512,
99679,
99901,
100346,
100679,
100901,
101012,
101346,
101679,
102012,
102235,
102568,
102735,
102846,
103068,
103346,
103457,
103679,
103846,
103957,
104124,
104568,
104901,
105124,
105457,
105679,
105790,
106012,
106235,
106346,
106679,
107012,
107346,
107568,
108012,
108235,
108457,
108790,
109124,
109235,
109457,
109568,
110235,
110457,
110901,
111068,
111346,
111457,
111624,
111846,
111957,
112124,
112235,
112457,
112568,
112790,
112901,
113012,
113235,
113401,
113512,
113624,
113735,
114124,
114235,
114512,
114679,
114790,
115374,
115485,
115568,
115679,
115846,
116012,
116262,
116374,
116512,
116679,
116846,
116957,
117068,
117179,
117318,
117790,
118190,
119790,
120190,
129990,
130590,
130790,
131390,
131990,
132290,
132590,
132790,
133190,
133790,
134790,
135190,
135390,
136490,
136790,
136990,
137790,
138190,
139590,
140190,
140990,
141390,
144990,
145290,
145490,
145690,
146390,
146990,
147990,
148190,
149190,
149790,
150390,
150790,
150990,
152590,
152790,
152990,
153790,
154990,
155090,
155190,
155290,
155390,
156117,
156480,
157177,
157510,
158177,
159407,
159978,
160549,
161349,
161615,
162115,
162365,
162850,
163556,
163778,
164444,
164865,
165075,
165486,
165686,
165886,
166466,
166657,
167028,
167210,
167574,
167921,
168095,
168435,
168602,
168935,
169415,
169575,
169728,
170190,
170338,
170634,
171067,
171353,
171490,
171904,
172037,
172304,
172566,
172695,
172953,
173328,
173574,
173816,
173937,
174172,
174407,
174522,
174753,
174868,
175214,
175330,
175503,
175733,
175878,
175993,
176108,
176224,
179453,
179653,
179853,
179953,
180253,
180453,
180653,
180953,
181053,
181253,
181453,
181653,
181853,
182053,
182153,
182453,
182553,
182753,
183053,
183253,
183453,
183553,
183853,
184153,
184253,
184453,
184753,
184853,
185153,
185453,
185553,
185853,
186053,
186253,
186453,
186653,
186853,
187053,
187253,
187353,
187553,
187853,
187953,
188253,
188453,
188653,
188753,
189053,
189253,
189353,
189653,
189753,
190053,
190253,
190453,
190553,
191053,
191353,
191453,
191653,
191753,
191953,
192053,
192353,
192653,
192753,
193053,
193253,
193453,
193753,
193853,
194053,
194253,
194453,
194553,
194853,
195053,
195253,
195653,
195853,
196053,
196253,
196453,
196653,
196953,
197053,
197353,
197653,
197753,
197853,
198053,
198153,
198303,
198553,
198853,
198953,
199253,
199453,
199653,
199753,
200053,
200153,
200453,
200653,
200853,
201053,
201253,
201353,
201653,
201753,
202053,
202253,
202453,
202553,
202853,
202953,
203253,
203353,
203653,
203753,
204053,
204203,
204353,
204453,
204653,
204753,
204878,
204978,
205053,
205253,
205353,
205653,
206053,
206353,
206453,
206603,
206753,
206853,
207153,
207453,
207753,
207903,
208003,
208253,
208353,
208753,
208853,
209153,
209453,
209653,
209803,
210003,
210153,
210253,
210353,
210553,
210703,
210803,
210953,
211103,
211203,
211403,
211653,
211953,
212253,
212353,
212553,
212753,
212953,
213053,
213353,
213653,
213753,
213953,
214153,
214303,
214453,
214553,
214753,
214953,
215053,
215353,
215453,
215753,
215853,
216153,
216253,
216353,
216453,
216653,
216753,
216903,
217103,
217253,
217403,
217503,
217603,
217703,
217803,
217953,
218053,
218353,
218453,
218653,
218953,
219253,
219403,
219553,
219853,
219953,
220153,
220253,
220553,
220703,
220853,
220953,
221153,
221353,
221753,
221853,
222053,
222453,
222603,
222803,
222953,
223203,
223353,
223503,
223603,
223753,
224053,
224453,
224653,
224753,
225053,
225253,
225453,
225653,
225803,
225953,
226253,
226353,
226553,
226753,
227053,
227153,
227253,
227503,
227803,
227953,
228103,
228253,
228403,
228553,
228903,
229053,
229203,
229353,
229453,
229603,
229753,
229878,
229978,
230078,
230178,
230278,
230378,
230478,
230578,
230653,
230859,
231170,
231480,
231894,
232204,
232308,
232515,
232721,
232928,
233239,
233549,
233859,
234377,
234584,
234790,
234997,
235308,
235515,
235721,
236032,
236239,
236446,
236653,
236756,
236885,
236989,
237118,
237273,
237701,
237915,
238237,
238665,
238773,
238987,
239201,
239415,
239630,
239844,
240165,
240487,
240701,
240915,
241344,
241665,
241880,
242094,
242308,
242523,
242844,
243058,
243273,
243380,
243594,
243862,
243969,
244076,
244352,
244574,
244796,
245241,
245463,
245685,
245907,
246130,
246574,
246796,
247241,
247463,
247574,
247685,
248130,
248352,
248796,
249241,
249352,
249685,
249907,
250130,
250352,
250574,
250907,
251074,
251185,
251463,
251685,
251907,
252130,
252352,
252796,
252907,
253241,
253463,
253685,
253907,
254352,
254574,
254685,
254796,
255241,
255463,
256130,
256352,
256574,
256796,
257018,
257241,
257463,
257907,
258130,
258241,
258352,
258574,
259241,
259907,
260130,
260796,
261018,
261685,
261796,
262352,
263018,
264130,
264352,
265018,
265130,
265296,
265407,
265685,
265907,
266574,
267685,
267907,
268574,
268796,
268907,
269018,
269130,
269352,
269463,
269685,
269852,
270018,
270463,
270685,
270796,
271018,
271241,
271352,
271518,
271630,
271907,
272130,
272352,
272463,
272574,
273018,
273907,
274796,
275685,
276129,
276351,
277018,
277685,
278796,
281018,
281462,
282055,
282351,
283018,
285462,
286796,
287240,
287685,
288129,
288351,
288462,
289018,
289462,
289907,
290351,
290796,
291240,
291907,
292018,
292574,
293018,
293462,
293907,
294351,
294574,
295018,
295240,
295685,
296351,
297018,
297240,
297574,
297685,
298018,
298129,
298351,
298796,
298907,
299240,
299574,
300240,
300574,
301018,
304418,
304618,
304818,
305018,
305218,
305418,
305618,
305918,
306218,
306318,
306618,
306818,
307018,
307118,
307318,
307418,
307618,
307718,
308018,
308118,
308418,
308618,
308818,
308918,
309218,
309418,
309718,
309918,
310218,
310318,
310618,
310818,
311018,
311118,
311418,
311618,
311818,
312118,
312418,
312618,
312718,
313018,
313218,
313418,
313518,
313818,
314018,
314118,
314418,
314518,
314818,
315018,
315218,
315418,
315818,
316118,
316218,
316418,
316668,
316818,
317018,
317218,
317418,
317618,
317818,
318018,
318118,
318418,
318618,
318818,
319018,
319218,
319318,
319618,
319818,
320018,
320418,
320618,
320818,
321018,
321218,
321418,
321718,
321818,
322018,
322218,
322418,
322518,
322618,
322818,
322918,
323068,
323318,
323618,
323718,
324018,
324218,
324418,
324518,
324818,
324918,
325218,
325418,
325618,
325818,
326018,
326118,
326418,
326618,
326818,
327018,
327218,
327318,
327618,
327718,
328018,
328118,
328418,
328718,
328818,
328968,
329218,
329318,
329468,
329568,
329668,
329768,
329911,
330193,
330474,
330849,
330943,
331130,
331271,
331411,
331693,
331974,
332349,
332489,
332583,
332724,
333005,
333193,
333380,
333568,
333661,
333849,
334130,
334271,
334411,
334505,
334693,
334786,
334974,
335114,
335208,
335349,
335513,
335607,
335771,
335911,
336099,
336193,
336380,
336474,
336755,
337224,
337318,
337693,
337880,
337974,
338161,
338349,
338489,
338583,
338724,
339005,
339099,
339286,
339380,
339661,
340036,
340224,
340318,
340458,
340599,
340739,
340880,
341114,
341255,
341396,
341513,
341607,
341700,
341794,
341911,
342193,
342474,
342568,
342755,
342943,
343130,
343271,
343411,
343505,
343693,
343974,
344068,
344255,
344349,
344536,
344630,
344911,
345286,
345474,
345661,
345755,
345943,
346224,
346318,
346458,
346599,
346739,
346880,
347068,
347161,
347255,
347443,
347818,
348005,
348099,
348286,
348474,
348568,
348849,
349130,
349271,
349411,
349599,
349693,
350068,
350255,
350443,
350536,
350630,
350864,
351005,
351146,
351286,
351427,
351568,
351896,
352177,
352318,
352458,
352599,
352693,
352833,
352974,
353091,
353185,
353278,
353372,
353466,
353560,
353653,
353747,
354474,
354849,
355599,
355786,
356068,
356255,
356536,
358036,
358318,
358505,
358693,
358880,
359068,
359536,
361036,
362536,
362724,
362911,
363193,
363380,
363568,
363755,
365161,
365443,
365630,
366943,
367130,
367318,
367693,
367880,
368068,
370036,
370224,
370411,
370599,
370786,
370974,
371161,
371349,
371536,
372943,
373130,
374536,
374724,
375005,
375380,
375568,
375943,
376786,
377349,
377536,
379318,
382318,
386818,
387568,
391318,
392068,
394318,
395068,
398818,
399568,
400505,
401068,

2 Column Long Note Times:
14457,
15235,
15457,
15790,
16346,
16679,
17012,
17568,
18012,
18346,
18901,
19346,
19901,
20679,
21012,
21679,
22012,
22346,
22790,
23124,
23901,
24124,
24568,
24790,
25124,
25457,
26012,
26346,
26568,
27124,
27457,
27901,
28235,
75346,
76012,
76457,
77346,
78679,
79346,
80235,
81124,
83124,
83568,
84457,
88457,
109790,
120590,
121190,
122590,
124390,
124990,
125790,
126590,
127790,
128990,
133390,
133990,
134390,
135790,
137190,
138590,
139190,
140590,
141790,
142990,
143790,
145990,
146590,
147390,
148590,
149990,
151390,
151990,
153390,
154190,
258796,
259463,
260352,
261241,
261907,
262574,
263241,
263685,
264574,
266130,
266796,
267241,
268130,
353818,
355130,
356818,
359255,
359818,
361318,
363943,
364318,
365818,
368349,
368818,
371818,
373318,
376130,
376505,
377068,
377818,
380818,
382880,
383818,
385318,
387943,
388318,
389818,
392349,
392818,
395818,
397318,

2 Column Release Times:
14568,
15346,
15568,
15901,
16457,
16790,
17124,
17679,
18124,
18457,
19012,
19457,
20012,
20790,
21124,
21790,
22124,
22457,
22901,
23235,
24012,
24235,
24679,
24901,
25235,
25568,
26124,
26457,
26679,
27235,
27568,
28012,
28346,
75568,
76235,
76679,
77568,
78901,
79568,
80457,
81346,
83346,
83790,
84679,
88790,
110012,
120790,
121390,
122990,
124590,
125390,
126190,
126990,
127990,
129790,
133590,
134190,
134590,
136190,
137390,
138990,
139390,
140790,
142590,
143390,
144190,
146190,
146790,
147790,
148990,
150190,
151790,
152190,
153590,
154590,
259018,
259685,
260574,
261463,
262129,
262796,
263463,
263907,
264796,
266352,
267018,
267463,
268352,
354193,
355318,
357849,
359443,
360849,
362349,
364130,
365068,
366849,
368630,
369849,
372849,
374349,
376318,
376693,
377255,
378849,
381849,
383068,
384849,
386349,
388130,
389068,
390849,
392630,
393849,
396849,
398349,

3 Column Hit Times:
679,
1124,
1679,
2012,
2901,
3235,
3457,
4235,
4568,
5235,
5568,
6012,
6346,
6901,
7124,
7346,
7679,
8124,
8790,
9124,
9568,
9790,
10235,
10457,
10679,
11012,
11457,
11901,
12124,
12568,
12901,
13346,
13679,
14235,
21346,
22679,
32124,
32346,
32679,
33124,
33457,
33790,
34235,
34679,
35124,
35346,
35457,
35568,
35901,
36235,
36457,
36790,
37124,
37235,
37457,
37790,
38346,
38457,
38679,
39124,
39457,
39790,
40012,
40235,
40568,
40901,
41235,
41457,
41790,
42124,
42346,
42512,
42624,
42790,
43124,
43346,
43457,
43790,
44012,
44124,
44457,
44790,
45124,
45346,
45679,
45818,
45929,
46068,
46235,
46790,
46957,
47068,
47457,
47790,
48012,
48235,
48457,
48679,
48790,
49124,
49346,
49457,
49679,
49901,
50346,
50568,
50901,
51124,
51346,
51457,
51901,
52235,
52346,
52568,
52679,
53346,
53457,
53790,
53901,
54124,
54235,
54457,
54679,
54790,
54957,
55068,
55457,
55679,
55790,
55957,
56235,
56457,
56568,
56679,
56790,
56901,
57012,
57457,
57735,
57901,
58012,
58235,
58346,
58540,
58651,
58790,
59124,
59235,
59401,
59512,
59735,
59901,
60012,
60124,
60235,
60346,
60457,
60679,
61124,
61568,
61790,
62012,
62235,
62457,
62901,
63124,
63568,
63790,
63901,
64012,
64457,
64679,
65124,
65568,
65679,
66012,
66235,
66457,
66679,
66901,
67235,
67401,
67512,
67790,
68012,
68235,
68457,
68679,
69124,
69235,
69568,
69790,
70012,
70235,
70679,
70901,
71012,
71124,
71568,
71790,
72457,
72679,
72901,
73124,
73346,
73568,
73790,
74235,
74457,
74568,
74679,
74901,
75568,
76235,
76457,
77124,
77346,
78012,
78124,
78679,
79346,
80457,
80679,
81346,
81457,
81624,
81735,
82012,
82679,
83346,
83457,
83568,
84235,
84457,
85012,
85179,
85290,
85457,
85568,
85901,
86124,
86235,
86568,
86735,
86901,
87012,
87124,
87346,
87512,
87651,
87762,
87874,
87985,
88901,
89124,
89346,
89679,
89901,
90235,
90457,
90568,
90790,
91124,
91457,
91679,
91901,
92124,
92290,
92401,
92679,
92901,
93235,
93457,
93790,
94235,
94568,
94790,
95012,
95346,
95457,
95790,
96012,
96346,
96679,
96901,
97124,
97457,
97790,
98235,
98568,
98790,
99235,
99401,
99512,
99790,
100124,
100457,
100790,
101124,
101235,
101457,
101790,
102124,
102457,
102707,
102818,
102957,
103124,
103235,
103568,
103790,
103901,
104012,
104346,
104679,
104790,
105124,
105346,
105568,
105901,
106235,
106346,
106568,
106790,
107235,
107457,
107790,
108124,
108568,
109012,
109346,
109568,
109679,
110012,
110235,
110346,
110679,
110790,
111012,
111124,
111346,
111568,
111679,
111846,
111957,
112346,
112568,
112679,
112846,
113124,
113346,
113457,
113568,
113679,
113790,
113901,
114346,
114624,
114790,
114901,
115124,
115235,
115401,
115512,
115790,
115957,
116124,
116318,
116429,
116624,
116790,
116929,
117040,
117151,
117262,
118990,
121790,
129790,
131590,
132190,
132490,
133990,
135390,
135790,
135990,
136190,
136590,
137390,
138590,
139190,
140190,
140590,
141190,
141990,
142190,
142290,
142390,
142490,
142590,
142990,
143390,
143690,
143890,
144190,
144790,
145090,
145390,
145590,
145890,
146590,
147190,
148590,
148790,
148990,
149390,
151390,
153190,
153990,
154190,
155753,
156117,
156844,
157844,
158177,
158484,
158792,
159407,
159692,
160264,
160815,
161082,
161615,
162615,
163085,
163778,
164000,
164444,
165286,
165686,
166086,
166276,
166657,
166847,
167392,
167574,
167921,
168269,
168602,
168935,
169095,
169575,
169882,
170036,
170486,
170782,
170924,
171210,
171353,
171628,
171904,
172304,
172437,
172824,
172953,
173203,
173453,
173574,
173937,
174054,
174289,
174522,
174637,
174983,
175099,
175387,
175618,
175820,
175935,
176051,
176166,
179653,
179853,
180053,
180253,
180453,
180653,
180853,
181153,
181453,
181553,
181853,
182053,
182253,
182353,
182553,
182653,
182853,
182953,
183253,
183353,
183653,
183853,
184053,
184153,
184553,
184953,
185053,
185253,
185353,
185503,
185653,
185753,
185853,
186053,
186253,
186353,
186653,
186853,
187053,
187353,
187653,
187753,
188053,
188253,
188453,
188553,
188853,
188953,
189253,
189453,
189653,
189853,
189953,
190253,
190653,
190853,
191253,
191553,
191903,
192153,
192253,
192453,
192653,
192853,
193053,
193253,
193353,
193653,
194053,
194253,
194453,
194653,
194853,
195053,
195153,
195453,
195653,
195853,
196053,
196153,
196453,
196653,
196853,
196953,
197153,
197553,
197653,
197853,
197953,
198053,
198253,
198353,
198453,
198653,
198853,
199053,
199153,
199453,
199553,
199853,
200253,
200453,
200653,
200753,
201053,
201253,
201453,
201953,
202253,
202353,
202653,
202853,
203053,
203353,
203553,
203753,
203853,
204153,
204253,
204553,
204703,
204803,
204903,
205003,
205153,
205553,
205753,
205853,
206153,
206253,
206553,
206653,
206953,
207053,
207253,
207353,
207653,
207853,
207953,
208053,
208153,
208553,
208653,
208953,
209153,
209253,
209553,
209753,
209853,
209953,
210053,
210303,
210453,
210653,
210753,
210853,
211078,
211178,
211303,
211453,
211753,
211853,
212053,
212453,
212753,
212853,
213003,
213153,
213253,
213453,
213753,
214053,
214253,
214353,
214753,
214853,
215053,
215253,
215453,
215653,
215853,
216053,
216203,
216403,
216553,
216703,
216853,
216953,
217203,
217353,
217478,
217578,
217678,
217778,
217853,
218053,
218253,
218453,
218553,
218853,
219153,
219353,
219453,
219753,
220153,
220353,
220653,
220753,
221053,
221253,
221553,
221653,
222053,
222153,
222353,
222553,
222653,
222753,
222853,
223053,
223203,
223453,
223553,
223653,
224253,
224353,
224553,
224953,
225253,
225353,
225753,
225853,
226153,
226553,
226653,
226953,
227103,
227203,
227353,
227553,
227703,
227903,
228153,
228353,
228503,
228653,
228803,
229003,
229153,
229253,
229353,
229503,
229653,
229803,
229928,
230028,
230128,
230228,
230328,
230428,
230528,
230628,
230963,
231377,
231687,
231894,
231997,
232204,
232411,
232618,
232928,
233135,
233342,
233549,
233756,
233963,
234066,
234273,
234584,
234894,
235204,
235515,
235618,
235825,
236135,
236342,
236549,
236653,
236756,
236937,
237015,
237170,
237273,
237487,
237808,
238130,
238344,
238558,
238880,
238987,
239308,
239523,
239844,
240058,
240380,
240701,
240915,
241130,
241451,
241773,
242094,
242308,
242415,
242630,
242951,
243273,
243380,
243487,
243594,
243755,
243942,
244049,
244130,
244796,
245018,
245241,
245685,
245796,
246130,
246352,
246574,
247018,
247241,
247518,
247630,
247907,
248130,
248352,
248574,
249018,
249241,
249463,
249685,
250130,
250352,
250796,
251018,
251130,
251241,
251463,
251907,
252352,
252574,
252796,
253018,
253241,
253685,
254130,
254463,
254630,
254741,
255018,
255241,
255463,
255685,
255907,
256352,
256463,
256796,
257241,
257463,
257685,
258018,
258185,
258296,
258574,
258796,
259463,
260574,
260796,
261463,
261574,
261741,
261852,
262129,
262796,
263463,
263685,
264352,
264574,
265241,
265352,
265463,
265685,
266352,
267018,
267130,
267241,
267907,
268130,
268685,
268852,
268963,
269241,
269574,
269796,
269907,
270018,
270241,
270352,
270574,
270741,
270907,
271130,
271296,
271463,
271574,
273018,
273907,
275907,
276574,
277240,
278351,
279685,
280796,
282796,
283907,
285018,
286796,
286907,
287018,
287462,
287685,
288574,
288685,
288796,
289018,
289685,
289796,
289907,
290351,
290462,
290574,
291018,
291240,
291685,
292129,
292574,
293018,
293462,
293685,
294129,
294351,
294796,
295240,
295462,
295685,
295907,
296129,
296574,
296796,
296907,
297462,
297796,
297907,
298351,
298462,
298685,
299018,
299129,
299907,
300574,
301018,
304218,
304418,
304618,
304718,
305018,
305218,
305418,
305718,
305818,
306018,
306218,
306418,
306618,
306818,
306918,
307218,
307318,
307518,
307818,
308018,
308218,
308318,
308618,
308918,
309118,
309518,
309618,
309818,
310018,
310118,
310268,
310418,
310518,
310618,
310818,
311018,
311218,
311418,
311618,
311818,
312018,
312118,
312318,
312618,
312818,
313018,
313218,
313318,
313618,
313818,
314018,
314218,
314418,
314618,
314718,
315018,
315318,
315618,
316018,
316318,
316518,
316618,
316918,
317118,
317418,
317518,
317818,
318018,
318218,
318418,
318818,
319018,
319218,
319418,
319618,
319818,
319918,
320218,
320418,
320618,
320818,
320918,
321218,
321418,
321618,
321918,
322318,
322418,
322618,
322718,
322818,
323018,
323118,
323218,
323418,
323618,
323818,
323918,
324218,
324318,
324618,
325018,
325218,
325418,
325518,
325818,
326018,
326218,
326718,
327018,
327118,
327418,
327618,
327818,
328118,
328318,
328518,
328618,
328918,
329018,
329218,
329418,
329518,
329643,
329743,
329818,
330005,
330099,
330286,
330568,
330661,
330943,
331224,
331318,
331599,
331693,
331880,
332161,
332255,
332443,
332536,
332630,
332911,
333286,
333380,
333661,
333943,
334224,
334318,
334458,
334599,
334739,
334880,
335068,
335161,
335255,
335466,
335560,
335677,
335818,
336099,
336380,
336568,
336661,
336849,
336943,
337130,
337271,
337411,
337599,
337693,
338068,
338255,
338443,
338536,
338630,
338911,
339286,
339474,
339568,
339849,
339943,
340130,
340271,
340411,
340505,
340693,
340786,
340974,
341208,
341349,
341466,
341560,
341653,
341747,
341818,
342005,
342099,
342286,
342661,
342943,
343036,
343224,
343318,
343599,
343880,
344255,
344443,
344583,
344724,
344911,
345005,
345193,
345380,
345474,
345755,
345849,
346036,
346130,
346271,
346411,
346505,
346693,
346786,
346974,
347114,
347208,
347349,
347630,
347911,
348193,
348661,
348943,
349036,
349224,
349318,
349505,
349786,
349880,
350161,
350349,
350489,
350583,
350724,
350911,
351099,
351333,
351521,
351661,
351802,
351943,
352083,
352271,
352411,
352505,
352599,
352739,
352880,
353021,
353138,
353232,
353325,
353419,
353513,
353607,
353700,
353794,
354286,
354568,
354755,
354943,
355130,
356443,
356630,
356818,
357005,
357193,
357380,
357568,
357755,
357943,
358130,
359255,
359443,
360005,
360286,
360568,
360755,
360943,
361505,
361786,
361974,
362161,
362349,
362630,
363099,
363474,
363661,
364036,
364224,
364411,
364599,
364786,
364974,
365255,
365536,
365818,
366005,
366286,
366661,
366849,
367036,
368536,
368724,
369005,
369193,
369380,
369568,
369755,
369943,
370130,
371255,
371443,
371630,
371818,
372099,
372380,
372661,
372849,
373411,
373599,
373880,
374255,
374443,
374630,
376224,
376411,
376974,
377161,
377724,
377818,
378568,
380818,
381568,
383068,
384568,
387568,
388318,
389068,
389818,
390568,
392818,
393568,
395818,
396568,
398068,
400318,
400693,
401068,
401443,

3 Column Long Note Times:
14901,
15346,
15901,
16235,
17124,
17457,
17679,
18457,
18790,
19457,
19790,
20235,
20568,
21124,
21568,
21901,
22235,
22901,
23235,
23568,
23790,
24235,
24457,
24901,
25346,
25790,
26235,
26679,
27012,
27235,
27568,
28012,
52901,
75124,
75790,
76679,
77568,
78235,
78901,
79568,
80012,
80901,
82235,
82901,
83790,
84679,
117346,
120190,
120790,
121390,
122990,
124190,
124790,
126590,
127990,
128590,
130190,
130990,
132790,
133590,
134190,
134590,
136990,
137590,
138323,
139390,
140790,
141390,
146190,
146790,
147790,
149790,
150390,
151123,
152190,
153590,
154590,
176253,
223853,
259018,
259685,
260130,
261018,
262352,
263018,
263907,
264796,
265907,
266574,
267463,
268352,
271685,
355318,
358318,
358880,
359630,
361130,
362818,
363849,
367318,
370318,
370880,
373130,
374818,
376693,
377443,
379318,
382318,
383255,
383630,
385130,
386818,
387849,
391318,
394318,
394880,
397130,
398818,

3 Column Release Times:
15012,
15457,
16012,
16346,
17235,
17568,
17790,
18568,
18901,
19568,
19901,
20346,
20679,
21235,
21679,
22012,
22346,
23012,
23346,
23679,
23901,
24346,
24568,
25012,
25457,
25901,
26346,
26790,
27124,
27346,
27679,
28124,
53124,
75346,
76012,
76901,
77790,
78457,
79124,
79790,
80235,
81124,
82457,
83124,
84012,
84901,
117568,
120390,
120990,
121590,
123390,
124390,
125390,
127190,
128190,
128990,
130590,
131390,
133190,
133790,
134390,
134990,
137190,
138190,
138456,
139990,
140990,
141790,
146390,
146990,
148190,
149990,
150990,
151256,
152790,
153790,
155390,
179253,
224053,
259241,
259907,
260352,
261241,
262574,
263241,
264130,
265018,
266130,
266796,
267685,
268574,
272574,
356349,
358599,
359068,
359818,
361318,
363005,
363943,
368349,
370599,
371068,
373318,
376130,
376880,
377630,
380349,
382599,
383443,
383818,
385318,
387005,
387943,
392349,
394599,
395068,
397318,
400130,

4 Column Hit Times:
13,
346,
568,
901,
1346,
1901,
2235,
2679,
3012,
3679,
4012,
4346,
4901,
5457,
5790,
6124,
6679,
7012,
7457,
7790,
8012,
8457,
8679,
8901,
9235,
9457,
9790,
10124,
10568,
11124,
11568,
11790,
12457,
12901,
13346,
13790,
14012,
22235,
24012,
24901,
26679,
28012,
32012,
32124,
32457,
32679,
32901,
33124,
33346,
33679,
33790,
34012,
34235,
34457,
34679,
34901,
35124,
35346,
35457,
35568,
35790,
36124,
36457,
36679,
36901,
37124,
37235,
37568,
37790,
38012,
38235,
38346,
39124,
39346,
39568,
39790,
40124,
40457,
40901,
41124,
41568,
41790,
42012,
42235,
42457,
42568,
42679,
43012,
43346,
43568,
43790,
44012,
44124,
44457,
44679,
44901,
45124,
45235,
45346,
45568,
45790,
45901,
46012,
46235,
46346,
46568,
46679,
46901,
47012,
47124,
47346,
47568,
47790,
47901,
48346,
48679,
48790,
49124,
49290,
49568,
49679,
50012,
50235,
50679,
51012,
51346,
51457,
51679,
52012,
52235,
52346,
52901,
53346,
53457,
53679,
53790,
54124,
54235,
54346,
54679,
54790,
54901,
55012,
55124,
55346,
55457,
55790,
55957,
56124,
56235,
56457,
56568,
56679,
56790,
56901,
57124,
57235,
57457,
57679,
57901,
58346,
58512,
58624,
58790,
58957,
59124,
59235,
59429,
59540,
59679,
59846,
60040,
60151,
60262,
60374,
60457,
60679,
60901,
61124,
61346,
61790,
62235,
62457,
62679,
62901,
63124,
63346,
63568,
63790,
63901,
64012,
64235,
64457,
64901,
65124,
65346,
65568,
65790,
66012,
66235,
66679,
66901,
67124,
67401,
67568,
67790,
68012,
68457,
68679,
68901,
69124,
69346,
69790,
70235,
70457,
70679,
70901,
71012,
71124,
71346,
71568,
72012,
72235,
72457,
72901,
73124,
73346,
73568,
74012,
74235,
74457,
74568,
75124,
75346,
76012,
76235,
76346,
76457,
76679,
76901,
77568,
77790,
78012,
78124,
78235,
78901,
79124,
79346,
79568,
80235,
80901,
81124,
81624,
81790,
82457,
83124,
83346,
83568,
83790,
84012,
84679,
85179,
85346,
85457,
85790,
85901,
86124,
86235,
86457,
86568,
86735,
86901,
87012,
87124,
87290,
87568,
87679,
87790,
87901,
88901,
89012,
89124,
89457,
89790,
90124,
90457,
90679,
91012,
91346,
91790,
92124,
92290,
92401,
92568,
92901,
93124,
93568,
93901,
94235,
94457,
94901,
95235,
95457,
96124,
96457,
96679,
97012,
97346,
97790,
98012,
98235,
98457,
98901,
99124,
99346,
99457,
99568,
99790,
100012,
100235,
100457,
100679,
101124,
101235,
101568,
101790,
102012,
102124,
102346,
102457,
102679,
102790,
102901,
103124,
103235,
103457,
103568,
103790,
103901,
104012,
104235,
104457,
104679,
104901,
105235,
105568,
105790,
105901,
106179,
106457,
106568,
106901,
107124,
107568,
107790,
108012,
108346,
108457,
108679,
108901,
109346,
109457,
109679,
110346,
110568,
110679,
111012,
111124,
111235,
111568,
111679,
111790,
111901,
112012,
112235,
112346,
112679,
112846,
113012,
113124,
113346,
113457,
113568,
113679,
113790,
114012,
114124,
114346,
114568,
114901,
115012,
115235,
115429,
115540,
115901,
116124,
116290,
116401,
116568,
116735,
116901,
117012,
117124,
117235,
118190,
118990,
122590,
130390,
130990,
131490,
132990,
133390,
133790,
134390,
135590,
135790,
137190,
137590,
137990,
138790,
139390,
139790,
140790,
141790,
142190,
142290,
142390,
142490,
142590,
142790,
143390,
143590,
143990,
144290,
145790,
145990,
146790,
147390,
147790,
148790,
149590,
149790,
150190,
150590,
151590,
152190,
152390,
153590,
154390,
154590,
155390,
155753,
156844,
157177,
157844,
158484,
159100,
159407,
159978,
160264,
160549,
160815,
161615,
161865,
162365,
162615,
163085,
163320,
163556,
164222,
164444,
164654,
164865,
165286,
165486,
166086,
166276,
166847,
167028,
167392,
167747,
168269,
168435,
168769,
169095,
169255,
169575,
170036,
170190,
170486,
170782,
170924,
171210,
171490,
171766,
171904,
172170,
172437,
172695,
172824,
173078,
173203,
173453,
173695,
173937,
174054,
174289,
174407,
174637,
174868,
174983,
175099,
175330,
175560,
175791,
175907,
176022,
176137,
179453,
179653,
179753,
180053,
180153,
180453,
180553,
180853,
180953,
181253,
181453,
181653,
181853,
181953,
182253,
182653,
182853,
183053,
183253,
183453,
183653,
183753,
184053,
184353,
184653,
184953,
185053,
185253,
185353,
185453,
185653,
185753,
185953,
186253,
186453,
186653,
186753,
187053,
187153,
187453,
187653,
187853,
188053,
188153,
188453,
188653,
188853,
189153,
189453,
189553,
189853,
190053,
190253,
190353,
190553,
190653,
190853,
190953,
191153,
191253,
191453,
191553,
191753,
191853,
192153,
192253,
192453,
192553,
192853,
192953,
193253,
193453,
193653,
193753,
193953,
194253,
194353,
194653,
194753,
195053,
195353,
195453,
195653,
195753,
196053,
196253,
196453,
196553,
196853,
197253,
197353,
197553,
197853,
197953,
198253,
198353,
198453,
198653,
198753,
199053,
199253,
199453,
199653,
199853,
199953,
200153,
200353,
200653,
200853,
201053,
201153,
201453,
201553,
201753,
201853,
202053,
202253,
202453,
202653,
202753,
203053,
203153,
203453,
203653,
203853,
203953,
204153,
204253,
204453,
204553,
204703,
204803,
204928,
205028,
205153,
205253,
205453,
205553,
205853,
205953,
206153,
206353,
206553,
206653,
206853,
207053,
207353,
207553,
207653,
207853,
207953,
208053,
208253,
208453,
208553,
208753,
208953,
209053,
209353,
209453,
209753,
209853,
209953,
210053,
210303,
210453,
210653,
210753,
210853,
211053,
211153,
211253,
211453,
211553,
211753,
212053,
212153,
212353,
212453,
212653,
212853,
213003,
213153,
213453,
213553,
213853,
213953,
214253,
214353,
214553,
214653,
214853,
215153,
215253,
215553,
215653,
215953,
216053,
216203,
216403,
216553,
216703,
216853,
216953,
217153,
217303,
217453,
217553,
217653,
217753,
217853,
218153,
218253,
218553,
218753,
218853,
219053,
219153,
219353,
219453,
219653,
219753,
219953,
220053,
220353,
220453,
220653,
220753,
220953,
221053,
221353,
221453,
221653,
221853,
221953,
222253,
222353,
222553,
222653,
222753,
222853,
223053,
223153,
223253,
223453,
223553,
223653,
224253,
224553,
224653,
224853,
224953,
225153,
225453,
225553,
225753,
225853,
226053,
226153,
226353,
226453,
226653,
226853,
226953,
227103,
227203,
227353,
227653,
227853,
228003,
228303,
228603,
228753,
228953,
229103,
229253,
229403,
229553,
229653,
229753,
229903,
230003,
230103,
230203,
230303,
230403,
230503,
230603,
230756,
231066,
231273,
231480,
231687,
231997,
232101,
232308,
232721,
233032,
233342,
233756,
233963,
234170,
234480,
234687,
235101,
235308,
235411,
235618,
235825,
236032,
236446,
236549,
236653,
236911,
237040,
237221,
237380,
237594,
237915,
238130,
238451,
238665,
238880,
238987,
239201,
239630,
239951,
240273,
240487,
240701,
241023,
241237,
241558,
241773,
241987,
242201,
242415,
242630,
242737,
243165,
243380,
243487,
243701,
243915,
244023,
244130,
244352,
244574,
244796,
245018,
245241,
245463,
245685,
245907,
246352,
246796,
247018,
247352,
247518,
247630,
247907,
248352,
248574,
248796,
249018,
249463,
249907,
250130,
250574,
250796,
251018,
251130,
251241,
251685,
251907,
252130,
252574,
253018,
253241,
253463,
253685,
253907,
254130,
254352,
254630,
254741,
255018,
255463,
255685,
255907,
256130,
256352,
256574,
257018,
257463,
257685,
257907,
258185,
258352,
259018,
259241,
259463,
259685,
260352,
261018,
261241,
261741,
261852,
262129,
262352,
262574,
263241,
263463,
263574,
263685,
263907,
264130,
264796,
265018,
265241,
265352,
265907,
266130,
266796,
267018,
267241,
267463,
267685,
268352,
268852,
269018,
269130,
269241,
269463,
269574,
269796,
269907,
270130,
270241,
270574,
270796,
270907,
271130,
271241,
271463,
271574,
271685,
272018,
272241,
272574,
274796,
275685,
276129,
276796,
277462,
277907,
278796,
279240,
279685,
280574,
281907,
282203,
283240,
284796,
286796,
287240,
287907,
288018,
288129,
288574,
289018,
289462,
290351,
290796,
291462,
291574,
291685,
292129,
292240,
292351,
292796,
293462,
293907,
294129,
294351,
294574,
294796,
295240,
295462,
295574,
295907,
296129,
296351,
296574,
296796,
297018,
297240,
297462,
297574,
297907,
298129,
298240,
298574,
298685,
298907,
299018,
299240,
299574,
299907,
300240,
300574,
304218,
304318,
304618,
304818,
305018,
305118,
305418,
305518,
305818,
306018,
306118,
306418,
306518,
306818,
307018,
307218,
307618,
307818,
307918,
308218,
308418,
308618,
308718,
309018,
309318,
309518,
309618,
309818,
310018,
310118,
310218,
310418,
310518,
310818,
310918,
311218,
311318,
311618,
311718,
312018,
312218,
312418,
312518,
312818,
312918,
313218,
313418,
313618,
313718,
313918,
314218,
314318,
314618,
314818,
315018,
315118,
315318,
315418,
315618,
315718,
315918,
316018,
316218,
316318,
316618,
316718,
316918,
317018,
317218,
317418,
317618,
317818,
317918,
318218,
318318,
318518,
318718,
319018,
319118,
319418,
319518,
319818,
320118,
320218,
320418,
320518,
320818,
321018,
321218,
321318,
321618,
321718,
322018,
322118,
322318,
322618,
322718,
323018,
323118,
323218,
323418,
323518,
323818,
324018,
324218,
324418,
324618,
324718,
324918,
325118,
325418,
325618,
325818,
325918,
326218,
326318,
326518,
326618,
326818,
327018,
327218,
327418,
327518,
327818,
327918,
328218,
328418,
328618,
328718,
328918,
329018,
329118,
329418,
329518,
329618,
329718,
329818,
330005,
330286,
330380,
330568,
330755,
330849,
331036,
331224,
331318,
331505,
331599,
331786,
331974,
332068,
332255,
332443,
332536,
332630,
332818,
332911,
333099,
333193,
333474,
333568,
333755,
333943,
334036,
334224,
334318,
334458,
334599,
334739,
334880,
335068,
335161,
335255,
335443,
335536,
335630,
335818,
336005,
336193,
336286,
336568,
336849,
337036,
337130,
337271,
337411,
337505,
337786,
337880,
338068,
338161,
338443,
338536,
338630,
338818,
338911,
339099,
339193,
339474,
339661,
339755,
339943,
340130,
340271,
340411,
340505,
340693,
340786,
340974,
341161,
341302,
341443,
341536,
341630,
341724,
341818,
342005,
342286,
342380,
342568,
342661,
342849,
343036,
343224,
343318,
343505,
343599,
343786,
343880,
344068,
344161,
344443,
344583,
344724,
344818,
345099,
345193,
345568,
345661,
345849,
346130,
346271,
346411,
346505,
346693,
346786,
346974,
347114,
347208,
347349,
347818,
347911,
348099,
348193,
348380,
348474,
348661,
348755,
348943,
349224,
349318,
349505,
349599,
349786,
349974,
350068,
350349,
350489,
350583,
350724,
351052,
351239,
351474,
351614,
351755,
352036,
352224,
352364,
352505,
352646,
352786,
352880,
352974,
353114,
353208,
353302,
353396,
353489,
353583,
353677,
353771,
354380,
354661,
355224,
355411,
355693,
355974,
356349,
357099,
357474,
357849,
358599,
358786,
359724,
359911,
360099,
360474,
360849,
361130,
361318,
361599,
361880,
362255,
362443,
363943,
364130,
364318,
364693,
365911,
366099,
366380,
366568,
366755,
367505,
367786,
368161,
368349,
368911,
369099,
369474,
369849,
370505,
370693,
370880,
371724,
372005,
372286,
372568,
372755,
373036,
373224,
373505,
373786,
373974,
374161,
374349,
374911,
375193,
375474,
375755,
376036,
376318,
376505,
376693,
377255,
377443,
378568,
380068,
381568,
383818,
384568,
385318,
386068,
388318,
390568,
392068,
393568,
395818,
397318,
398068,
400130,
400880,

4 Column Long Note Times:
14235,
14568,
14790,
15124,
15568,
16124,
16457,
16901,
17235,
17901,
18235,
18568,
19124,
19679,
20012,
20346,
20901,
21235,
21457,
21790,
22568,
23012,
23346,
23679,
24346,
25235,
25679,
26124,
26901,
27346,
27679,
28346,
38679,
74679,
75568,
77124,
78457,
79790,
80457,
81346,
82012,
82679,
84235,
84901,
88012,
95790,
110012,
117346,
119990,
121790,
123390,
125390,
125656,
126390,
127190,
128190,
129790,
131790,
132590,
134990,
136190,
138190,
138456,
138990,
139990,
140990,
144590,
145390,
146390,
146990,
148190,
150990,
151256,
151790,
152790,
153790,
176253,
223853,
258574,
259907,
260574,
261463,
262796,
264352,
265463,
266352,
267907,
268574,
301018,
354849,
356630,
358130,
359068,
359443,
362630,
363005,
363380,
363755,
365068,
367130,
368630,
370130,
371068,
371443,
374630,
376880,
377630,
379130,
380630,
382130,
383068,
383443,
386630,
387005,
387380,
387755,
389068,
391130,
392630,
394130,
395068,
395443,
398630,
401630,

4 Column Release Times:
14346,
14679,
14901,
15235,
15679,
16235,
16568,
17012,
17346,
18012,
18346,
18679,
19235,
19790,
20124,
20457,
21012,
21346,
21568,
21901,
22679,
23124,
23457,
23790,
24457,
25346,
25790,
26235,
27012,
27457,
27790,
28457,
38901,
74901,
75790,
77346,
78679,
80012,
80679,
81568,
82235,
82901,
84457,
85124,
88179,
96012,
110235,
117568,
120190,
122190,
124190,
125523,
125790,
126590,
127790,
128590,
130190,
132190,
132790,
135390,
136990,
138323,
138590,
139190,
140590,
141390,
144990,
145590,
146590,
147190,
148590,
151123,
151390,
151990,
153390,
154190,
179253,
224053,
258796,
260130,
260796,
261685,
263018,
264574,
265685,
266574,
268130,
268796,
304018,
355130,
356818,
358318,
359255,
359630,
362818,
363193,
363568,
363849,
365818,
367318,
368818,
370318,
371255,
371630,
374818,
377068,
377818,
379318,
380818,
382318,
383255,
383630,
386818,
387193,
387568,
387849,
389818,
391318,
392818,
394318,
395255,
395630,
398818,
405005,


