1 Column Hit Times:
343,
686,
1201,
1543,
2401,
2572,
2743,
3086,
3601,
3943,
4458,
4972,
6172,
6515,
7029,
7886,
8229,
8572,
8743,
8915,
9086,
9601,
9772,
9943,
10458,
11486,
11743,
12515,
12686,
12943,
13201,
13458,
13715,
13886,
14058,
14658,
14915,
15172,
15429,
15686,
15943,
16201,
16458,
16629,
16801,
17486,
17743,
17915,
18172,
18429,
18686,
18943,
19201,
19372,
19543,
20229,
20486,
20743,
20915,
21172,
21429,
21686,
21943,
22115,
22286,
22629,
22886,
23315,
23486,
23829,
24258,
24515,
24686,
24858,
25029,
25372,
25629,
26058,
26229,
26401,
26658,
26915,
27086,
27343,
27601,
27772,
28115,
28372,
28629,
28801,
28972,
29229,
29486,
29658,
29915,
30172,
30343,
30515,
30686,
30943,
31115,
31543,
31715,
31886,
32743,
33601,
33943,
34286,
34629,
34801,
35143,
36001,
36343,
36686,
37029,
37201,
37543,
37715,
38401,
38743,
39429,
39601,
39943,
40115,
40458,
40801,
40972,
41143,
41486,
41829,
42001,
42515,
42858,
43029,
43372,
44001,
44743,
44858,
45086,
45429,
45601,
45772,
46286,
46458,
46972,
47486,
47601,
47829,
48172,
48343,
48515,
49029,
49201,
49372,
49886,
50058,
50401,
50743,
50915,
51086,
51258,
51658,
51858,
52115,
52458,
52629,
52972,
53086,
53315,
53486,
53743,
54172,
54515,
54686,
54858,
55201,
55372,
55629,
55801,
55972,
56229,
56486,
56658,
56915,
57086,
57258,
57429,
57686,
57858,
58029,
58201,
58458,
58629,
58801,
59058,
59229,
59486,
59658,
59829,
60001,
60172,
60429,
60601,
60858,
61029,
61201,
61629,
61801,
62058,
62229,
62401,
62572,
63001,
63172,
63429,
63601,
63772,
63943,
64629,
64801,
64972,
65486,
66429,
66601,
66858,
67029,
67286,
67458,
67715,
67886,
68058,
68315,
68486,
68743,
68915,
69172,
69343,
69601,
69772,
70029,
70201,
70458,
70629,
70886,
71058,
71315,
71486,
71658,
71915,
72086,
72343,
72515,
72772,
72943,
73201,
73372,
73543,
73801,
74058,
74229,
74401,
74658,
74829,
75086,
75258,
75515,
75686,
75943,
76115,
76543,
76801,
77143,
77401,
77572,
77829,
78001,
78258,
78429,
78686,
78858,
79115,
79286,
79543,
79715,
79886,
80143,
80315,
80572,
80743,
81001,
81172,
81429,
81601,
81772,
82029,
82286,
82458,
82629,
82886,
83058,
83315,
83486,
83743,
83915,
84172,
84343,
84601,
84772,
85029,
85286,
85458,
85715,
85972,
86143,
86315,
86572,
86743,
87001,
87258,
87515,
88458,
88715,
88972,
89143,
89315,
89658,
89915,
90172,
90343,
90515,
90772,
91029,
91201,
91458,
91715,
91886,
92143,
92315,
92572,
92743,
93086,
93258,
93601,
93772,
93943,
94201,
94458,
94629,
94801,
95143,
95401,
95658,
95829,
96001,
96172,
96429,
96686,
96858,
97115,
97372,
97543,
97715,
97972,
98143,
98401,
98572,
98743,
99172,
99429,
99601,
99858,
100115,
100286,
100629,
100801,
101143,
101315,
101486,
101743,
102001,
102172,
102343,
102601,
102858,
103029,
103201,
103458,
103629,
103886,
104143,
104572,
104743,
105001,
105172,
105429,
105601,
105858,
106029,
106201,
106458,
106629,
106972,
107143,
107315,
107572,
107743,
107915,
108086,
108258,
108515,
108686,
108858,
109372,

1 Column Long Note Times:
5486,
11315,
32915,
33258,
44229,
65829,
66172,
87772,
88115,
110058,

1 Column Release Times:
5658,
11358,
33086,
33301,
44272,
66001,
66215,
87943,
88158,
110101,

2 Column Hit Times:
686,
1029,
1372,
1886,
2229,
3258,
3772,
4115,
4458,
4801,
5315,
5658,
6343,
6686,
7201,
7372,
7543,
8229,
8572,
8743,
8915,
9258,
9943,
10115,
10801,
10972,
11401,
11658,
11915,
12172,
12515,
13286,
13543,
13801,
14229,
14486,
14743,
15001,
15343,
16029,
16286,
16543,
16886,
17143,
17401,
17658,
18086,
18772,
19029,
19286,
19629,
19886,
20143,
20401,
20743,
21515,
21772,
22372,
22629,
22801,
23058,
23229,
23486,
23658,
23915,
24172,
24429,
24686,
24858,
25115,
25372,
25543,
25801,
25972,
26315,
26486,
26743,
26915,
27258,
27515,
27858,
28115,
28286,
28543,
28801,
28972,
29143,
29486,
29743,
30001,
30172,
30343,
30601,
30772,
31201,
31372,
31543,
31801,
32058,
33429,
34286,
34801,
35143,
35315,
35486,
36172,
36686,
37201,
37543,
37886,
38458,
38572,
39086,
39258,
39601,
39943,
40458,
41143,
41315,
41543,
42172,
42515,
43029,
43372,
43543,
43715,
43943,
44572,
44801,
45001,
45515,
45772,
45943,
46286,
46972,
47143,
47658,
47829,
48258,
48515,
49029,
49543,
50058,
50401,
50572,
51001,
51258,
51601,
51715,
51943,
52458,
52801,
53029,
53229,
53486,
53658,
53829,
54515,
54858,
55201,
55372,
55543,
55801,
55972,
56143,
56401,
56572,
56829,
57086,
57258,
57429,
57601,
57858,
58115,
58286,
58458,
58629,
58801,
58972,
59229,
59401,
59572,
59829,
60001,
60172,
60343,
60601,
60943,
61115,
61372,
61543,
61715,
61886,
62229,
62401,
62572,
62743,
63001,
63172,
63601,
63772,
63943,
64115,
64458,
64715,
64972,
65143,
65372,
65572,
66258,
66429,
66686,
66858,
67115,
67372,
67543,
67801,
68058,
68229,
68572,
68743,
68915,
69172,
69429,
69601,
69943,
70201,
70372,
70629,
70801,
71058,
71229,
71486,
71658,
71915,
72172,
72343,
72601,
72858,
73029,
73286,
73543,
73715,
73972,
74229,
74401,
74658,
74915,
75086,
75343,
75601,
75772,
76115,
76543,
77143,
77401,
77658,
77829,
78172,
78429,
78601,
78858,
79029,
79286,
79458,
79715,
79886,
80143,
80401,
80572,
80829,
81086,
81258,
81515,
81772,
81943,
82201,
82458,
82629,
82886,
83143,
83315,
83572,
83829,
84001,
84258,
84429,
84686,
84858,
85115,
85286,
85543,
85715,
85886,
86143,
86401,
86572,
86743,
86915,
87686,
87943,
88372,
88543,
88801,
88972,
89143,
89401,
89572,
89743,
90001,
90172,
90343,
90515,
90686,
90943,
91201,
91372,
91629,
91886,
92058,
92229,
92486,
92658,
92915,
93172,
93343,
93686,
93943,
94115,
94372,
94629,
94801,
95315,
95486,
95743,
96001,
96172,
96343,
96686,
96858,
97029,
97286,
97543,
97715,
97886,
98058,
98315,
98658,
98915,
99258,
99429,
99686,
99943,
100115,
100286,
100801,
101058,
101401,
101572,
101829,
102172,
102343,
102515,
102772,
103029,
103201,
103372,
103543,
103801,
104058,
104229,
104572,
104829,
105086,
105258,
105429,
105686,
105858,
106115,
106543,
106715,
106886,
107143,
107315,
107486,
107658,
107915,
108172,
108343,
108515,
109258,
109458,

2 Column Long Note Times:
33258,
44229,
65829,
88115,
110058,

2 Column Release Times:
33301,
44272,
66001,
88158,
110101,

3 Column Hit Times:
515,
1029,
1715,
2058,
3429,
3772,
4286,
4801,
5143,
5829,
6515,
6858,
7201,
7715,
8058,
8829,
9258,
9429,
10115,
10286,
12001,
12258,
12429,
12772,
13029,
13372,
13629,
13972,
14143,
14401,
15258,
15601,
15858,
16115,
16372,
16715,
16972,
17229,
18001,
18343,
18601,
18858,
19115,
19458,
19715,
19972,
20658,
21001,
21258,
21601,
21858,
22201,
22458,
22801,
22972,
23143,
23401,
24001,
24343,
24601,
24943,
25201,
25543,
25715,
25886,
26229,
26401,
26572,
26743,
27001,
27172,
27429,
27686,
28029,
28286,
28458,
28715,
29143,
29401,
29829,
30001,
30429,
30858,
31029,
31201,
31372,
31629,
31801,
32229,
33601,
33772,
34115,
34458,
34972,
35315,
35486,
35658,
35829,
36058,
36858,
37372,
37886,
38058,
38229,
38515,
39086,
39772,
40286,
40629,
41315,
41658,
42343,
42686,
43201,
43886,
44058,
44401,
44572,
44915,
45258,
45429,
45601,
45943,
46172,
46372,
46629,
47143,
47315,
47658,
48001,
48258,
48686,
48915,
49115,
49715,
50229,
50343,
50572,
50915,
51086,
51429,
51772,
51943,
52286,
53143,
53658,
53829,
54001,
54401,
54601,
55543,
55715,
55886,
56058,
56401,
56572,
56743,
57001,
57172,
57343,
57601,
57772,
57943,
58286,
58543,
58715,
59143,
59315,
59743,
59915,
60086,
60343,
60515,
60686,
60943,
61115,
61372,
61629,
61801,
62315,
62486,
62743,
62915,
63086,
63258,
63686,
64115,
64286,
64458,
64715,
65143,
65315,
65429,
65658,
66001,
66343,
66515,
66686,
66943,
67201,
67372,
67543,
67801,
67972,
68229,
68401,
68658,
68829,
69086,
69258,
69429,
69686,
69943,
70115,
70286,
70543,
70801,
70972,
71315,
71572,
71829,
72001,
72258,
72429,
72686,
72858,
73029,
73286,
73458,
73715,
73886,
74143,
74315,
74572,
74743,
74915,
75172,
75429,
75601,
75772,
76029,
76286,
76629,
76972,
77315,
77486,
77658,
77915,
78172,
78343,
78515,
78772,
79029,
79201,
79543,
79801,
80058,
80229,
80486,
80658,
80915,
81086,
81258,
81515,
81686,
81943,
82115,
82372,
82543,
82801,
82972,
83143,
83401,
83658,
83829,
84001,
84258,
84515,
84686,
85029,
85201,
85372,
85629,
85886,
86058,
86401,
86658,
86915,
87086,
87601,
88286,
88458,
88629,
88801,
89058,
89229,
89486,
89829,
90086,
90258,
90515,
90686,
90858,
91201,
91372,
91543,
91801,
92058,
92229,
92401,
92572,
92829,
93086,
93258,
93515,
93943,
94115,
94286,
94543,
94715,
94972,
95315,
95572,
95915,
96086,
96343,
96601,
96772,
97029,
97201,
97458,
97629,
97886,
98058,
98229,
98486,
98743,
99086,
99343,
99515,
99772,
99943,
100115,
100372,
100543,
100715,
100972,
101229,
101486,
101658,
101829,
102086,
102258,
102515,
102686,
102943,
103115,
103372,
103543,
103715,
103972,
104229,
104401,
104658,
104915,
105086,
105258,
105515,
105772,
105943,
106115,
106372,
106543,
106801,
107058,
107229,
107486,
107658,
107829,
108001,
108172,
108343,
108601,
109029,
109201,
109315,
109543,

3 Column Long Note Times:
5486,
11315,
32915,
66172,
87772,
88115,
109715,

3 Column Release Times:
5658,
11358,
33086,
66215,
87943,
88158,
110058,

4 Column Hit Times:
343,
858,
1372,
1715,
2058,
2401,
2743,
2915,
3086,
3429,
4115,
4629,
5143,
5829,
6001,
6172,
6858,
7543,
7886,
8401,
8829,
9086,
9429,
9601,
9772,
10286,
10458,
11572,
11829,
12086,
12343,
12601,
12858,
13115,
13372,
14058,
14315,
14572,
14829,
15086,
15258,
15515,
15772,
16115,
16801,
17058,
17315,
17572,
17829,
18001,
18258,
18515,
18858,
19543,
19801,
20058,
20315,
20572,
20829,
21086,
21343,
21601,
22029,
22286,
22543,
22715,
22972,
23143,
23315,
23572,
23743,
24086,
24343,
24515,
24772,
25029,
25286,
25458,
25715,
25886,
26143,
26315,
26572,
26829,
27258,
27429,
27772,
27943,
28201,
28458,
28629,
28886,
29058,
29315,
29572,
29829,
30086,
30258,
30515,
30686,
30858,
31029,
31286,
31458,
31715,
31886,
33943,
34115,
34458,
34629,
34972,
35658,
35829,
36001,
36343,
36515,
36858,
37029,
37372,
37715,
38058,
38229,
38401,
38743,
38915,
39429,
39772,
40115,
40286,
40629,
40801,
40972,
41486,
41829,
42172,
42343,
42686,
42858,
43201,
43543,
43715,
43886,
44401,
44915,
45086,
45258,
45515,
46115,
46229,
46458,
46629,
46801,
47315,
47543,
47743,
48001,
48172,
48343,
48686,
48858,
48972,
49201,
49372,
49715,
49886,
50286,
50486,
50743,
51001,
51429,
51772,
52115,
52629,
52801,
53143,
53315,
53743,
54001,
54172,
54343,
54458,
54686,
55029,
55286,
55458,
55715,
55886,
56058,
56315,
56486,
56743,
56915,
57172,
57343,
57515,
57772,
57943,
58115,
58372,
58543,
58715,
58886,
59143,
59315,
59486,
59658,
59915,
60086,
60258,
60515,
60686,
60858,
61029,
61201,
61543,
61715,
61886,
62058,
62315,
62486,
62915,
63086,
63258,
63429,
63686,
64286,
64629,
64801,
65315,
65658,
66515,
66772,
66943,
67201,
67458,
67629,
67886,
68143,
68315,
68572,
68829,
69001,
69258,
69515,
69686,
69858,
70115,
70286,
70543,
70715,
70972,
71143,
71401,
71572,
71743,
72001,
72172,
72429,
72686,
72943,
73115,
73372,
73629,
73801,
74058,
74315,
74486,
74743,
75001,
75172,
75429,
75686,
76029,
76286,
76801,
77229,
77486,
77743,
77915,
78086,
78343,
78515,
78772,
78943,
79201,
79372,
79629,
79801,
79972,
80229,
80401,
80658,
80915,
81172,
81343,
81601,
81858,
82029,
82286,
82543,
82715,
82972,
83229,
83401,
83658,
83915,
84086,
84343,
84515,
84772,
84943,
85201,
85372,
85629,
85801,
86058,
86229,
86486,
86658,
87086,
87258,
87601,
88201,
88458,
88629,
88886,
89143,
89315,
89829,
90429,
90601,
90858,
91115,
91286,
91543,
91715,
91972,
92143,
92401,
92572,
92743,
93001,
93258,
93429,
93601,
93858,
94029,
94286,
94458,
94629,
94886,
95058,
95229,
95658,
95829,
96001,
96258,
96515,
96686,
96943,
97201,
97372,
97629,
97801,
98058,
98229,
98572,
98743,
99086,
99429,
99601,
99772,
100029,
100201,
100458,
100886,
101143,
101315,
101486,
101658,
101915,
102172,
102429,
102686,
102858,
103115,
103286,
103543,
103715,
104058,
104229,
104743,
104915,
105172,
105343,
105601,
105772,
105943,
106286,
106458,
106629,
106801,
106972,
107229,
107401,
107572,
107829,
108001,
108258,
108429,
108601,

4 Column Long Note Times:
5486,
11315,
32401,
32915,
33258,
44229,
65829,
66172,
87772,
110058,

4 Column Release Times:
5658,
11358,
32743,
33086,
33301,
44272,
66001,
66215,
87943,
110101,

