1 Column Hit Times:
1728,
1963,
2356,
2591,
2984,
3141,
3455,
3612,
4084,
4319,
4476,
4712,
4869,
5262,
5497,
5890,
6126,
6283,
6597,
6832,
6989,
7382,
7775,
8010,
8325,
8639,
9267,
9424,
9738,
9895,
10209,
10445,
10995,
11230,
11780,
12016,
12408,
12723,
12958,
13194,
13429,
13665,
14058,
14293,
14765,
15000,
15157,
15550,
15786,
16257,
16649,
16885,
17121,
17513,
17749,
17985,
18220,
18456,
18613,
18848,
19084,
19241,
19398,
19555,
19712,
19869,
20027,
20184,
20341,
20498,
20655,
20812,
20969,
21126,
21283,
21833,
22068,
22304,
22461,
22618,
22854,
23089,
23404,
23561,
23796,
24032,
24189,
24425,
24582,
24739,
24974,
25210,
25367,
25603,
25917,
26074,
26309,
26545,
26702,
26859,
27095,
27252,
27487,
27645,
27802,
27959,
28116,
28351,
28508,
28744,
28980,
29215,
29451,
29608,
29844,
30001,
30158,
30472,
30707,
30865,
31022,
31336,
31886,
32043,
32278,
32514,
32828,
33064,
33299,
33456,
33613,
33849,
34085,
34399,
34556,
34713,
35027,
35184,
35420,
35655,
35969,
36205,
36362,
36598,
36755,
36912,
37226,
37540,
37697,
38011,
38247,
38483,
38640,
38797,
39111,
39268,
39425,
39582,
39739,
39896,
40053,
40210,
40367,
40525,
40682,
40839,
40996,
41153,
41310,
41467,
41938,
42095,
42409,
42566,
42724,
43116,
43352,
43509,
43666,
43902,
44137,
44451,
44608,
44923,
45080,
45237,
45472,
45708,
46022,
46179,
46336,
46493,
46650,
46807,
47122,
47279,
47436,
47828,
48064,
48221,
48378,
48614,
48849,
49164,
49321,
49556,
49792,
50106,
50263,
50420,
50734,
50891,
51048,
51206,
51363,
51520,
51834,
51991,
52148,
52305,
52541,
52776,
52933,
53090,
53247,
53483,
53719,
54033,
54190,
54347,
54504,
54740,
54975,
55289,
55446,
55604,
55839,
55996,
56232,
56389,
56546,
56703,
56860,
57096,
57253,
57488,
57724,
57960,
58274,
58431,
58588,
58902,
59112,
59373,
59609,
59766,
59923,
60080,
60237,
60394,
60551,
60708,
60905,
61062,
61219,
61376,
61494,
61729,
61965,
62201,
62358,
62829,
62986,
63457,
63614,
63850,
64085,
64400,
64635,
64949,
65185,
65499,
65970,
66127,
66285,
66520,
66756,
66913,
67227,
67384,
67855,
68091,
68326,
68641,
68955,
69269,
69662,
69976,
70211,
70604,
70918,
71154,
71311,
71468,
71625,
71782,
72096,
72332,
72725,
73039,
73353,
73667,
73824,
74060,
74374,
74609,
75002,
75316,
75552,
75945,
76259,
76494,
76651,
76808,
77123,
77358,
77515,
77751,
77986,
78144,
78379,
78615,
78850,
79086,
79322,
79636,
79950,
80185,
80343,
80500,
80657,
80814,
80971,
81128,
81285,
81442,
81638,
81795,
81953,
82110,
82463,
82620,
82777,
83091,
83248,
83405,
83563,
83877,
84112,
84348,
84662,
84819,
84976,
85290,
85447,
85683,
85840,
86076,
86233,
86390,
86547,
86704,
86861,
87018,
87254,
87411,
87646,
87804,
88118,
88275,
88589,
88824,
88982,
89217,
89374,
89610,
89924,
90160,
90395,
90631,
90788,
90945,
91181,
91416,
91652,
91887,
92123,
92359,
92594,
92830,
93065,
93301,
93458,
93615,
93772,
94008,
94322,
94558,
94715,
94950,
95107,
95343,
95579,
95814,
96050,
96285,
96443,
96678,
96914,
97071,
97228,
97464,
97699,
97856,
98170,
98327,
98484,
98799,
98956,
99113,
99348,
99663,
99820,
99977,
100134,
100291,
100448,
100605,
100762,
100919,
101115,
101273,
101430,
101587,
101744,
101901,
102058,
102215,
102568,
103668,
103982,
105239,
105710,
106809,
107123,
107752,
108380,
108851,
110893,
111679,
111993,
112307,
113249,
114035,
114506,
115291,
115763,
116077,
116548,
116705,
117333,
117962,
118276,
118590,
119532,
120161,
120475,
121260,
122045,
122360,
123302,
123930,
124559,
124873,
125501,
126129,
126443,
132098,
132412,
132883,
133512,
133669,
134297,
134925,
135240,
135554,
135868,
136339,
136496,
136810,
136967,
137282,
137596,
138224,
138538,
139009,
139481,
140109,
140266,
140737,
141208,
141522,
141680,
142151,
142465,
142936,
143250,
144821,
144978,
145292,
145763,
146235,
146706,
147177,
147334,
147648,
147962,
148277,
148748,
149533,
149847,
150554,
151104,
151340,
151497,
151654,
151811,
151968,
152125,
152282,
152439,
154088,
154717,
155188,
155345,
155659,
155895,
156052,
156287,
156601,
156916,
157151,
157544,
157858,
158094,
158486,
158722,
159115,
159272,
159429,
159586,
159821,
160057,
160450,
160764,
161000,
161314,
161471,
161942,
162178,
162335,
162570,
162963,
163277,
163513,
163827,
163984,
164298,
164455,
164612,
164769,
164926,
165083,
165240,
165712,
165869,
166340,
166811,
166968,
167361,
167597,
167911,
168225,
168696,
168932,
169167,
169560,
169796,
170110,
170424,
170738,
171052,
171288,
171523,
171759,
171916,
172152,
172309,
172544,
172780,
173016,
173173,
173565,
173801,
173958,
174115,
174272,
174429,
174586,
174743,
174900,
175058,
175215,
175450,
175607,
175921,
176157,
176393,
176550,
176864,
177021,
177178,
177492,
177649,
177885,
178120,
178435,
178592,
178749,
178984,
179220,
179377,
179534,
179691,
179848,
180005,
180241,
180477,
180712,
180948,
181105,
181419,
181655,
181890,
182126,
182361,
182676,
182833,
183068,
183304,
183539,
183697,
183932,
184168,
184639,
184875,
185032,
185189,
185503,
185739,
185974,
186210,
186445,
186602,
186838,
187074,
187309,
187466,
187780,
187938,
188173,
188330,
188644,
188801,
188959,
189194,
189665,
189901,
190058,
190215,
190529,
190686,
190843,
191158,
191393,
191629,
191864,
192100,
192257,
192414,
192650,
192964,
193121,
193435,
193671,
193828,
193985,
194220,
194456,
194692,
194849,
195084,
195241,
195556,
195713,
195948,
196184,
196341,
196498,
196812,
196969,
197205,
197519,
197755,
197912,
198069,
198383,
198540,
198697,
199011,
199325,
199561,
199744,
199954,
200189,
200660,
201132,
201603,
201917,
202310,
202467,
202781,
203095,
203252,
203409,
203566,
203723,
203880,
204038,
204509,
204744,
204901,
205098,
205255,
205530,
205687,
205922,
206158,
206315,
206708,
206865,
207022,
207179,
207493,
207650,
208043,
208200,
208593,
208750,
208907,
209064,
209299,
209457,
209771,
210006,
210556,
210713,
210949,
211184,
211341,
211734,
211891,
212048,
212284,
212519,
212677,
212991,
213148,
213305,
213698,
213855,
214090,
214326,
214483,
214718,
214876,
215033,
215347,
215582,
215739,
215975,
216211,
216368,
216603,
216839,
216996,
217389,
217546,
217860,
218096,
218253,
218488,
218724,
218881,
219352,
219509,
219745,
219902,
220059,
220373,
220609,
220766,
221001,
221158,
221316,
221473,
221787,
221944,
222101,
222572,
222729,
222965,
223122,
223279,
223436,
223593,
223750,
223907,
224064,
224261,
224418,
224575,
224732,
224850,
225085,
225399,
225714,
225871,
226028,
226499,
226735,
226970,
227127,
227284,
227441,
227756,
227913,
228070,
228227,
228619,
228855,
229012,
229169,
229326,
229483,
229640,
229797,
229955,
230190,
230426,
230583,
230740,
230976,
231211,
231368,
231525,
231682,
231839,
232075,
232311,
232625,
232860,
233096,
233410,
233567,
233803,
234038,
234353,
234510,
234745,
234902,
235138,
235452,
235609,
235766,
236002,
236237,
236552,
236709,
236944,
237180,
237337,
237573,
237808,
238122,
238279,
238437,
238672,
238908,
239065,
239300,
239536,
239929,
240086,
240321,
240557,
240793,
241107,
241264,
241499,
241735,
242049,
242206,
242363,
242677,
242835,
243070,
243227,
243384,
243541,
243698,
243856,
244013,
244170,
244405,
244562,
244877,
245191,
245505,
245819,
245976,
246133,
246526,
246761,
246918,
247233,
247390,
247547,
247704,
248018,
248332,
248489,
248646,
248960,
249117,
249275,
249432,
249589,
249746,
249903,
250060,
250296,
250531,
250845,
251002,
251238,
251474,
251788,
251945,
252102,
252416,
252573,
252809,
253044,
253280,
253437,
253908,
254144,
254379,
254772,
255008,
255165,
255400,
255715,
255872,
256029,
256343,
256578,
256814,
257128,
257285,
257521,
257756,
257914,
258149,
258385,
258699,
258856,
259092,
259327,
259484,
259641,
259956,
260113,
260270,
260505,
260662,
260898,
261055,
261369,
261526,
261683,
261919,
262155,
262312,
262469,
262783,
262940,
263176,
263333,
263568,
263725,
263882,
264118,
264432,
264589,
264746,
264903,
265060,
265217,
265375,
265532,
265689,
265924,
266081,
266238,
266474,
266710,
266867,
267102,
267338,
267652,
267809,
267966,
268280,
268437,
268673,
268909,
269223,
269380,
269537,
269694,
269851,
270087,
270322,
270479,
270636,
270794,
271029,
271265,
271579,
271736,
271972,
272207,
272443,
272678,
272835,
273150,
273385,
273621,
273935,
274171,
274406,
274720,
274877,
275035,
275192,
275427,
275663,
275820,
275977,
276213,
276448,
276605,
276762,
276919,
277076,
277312,
277548,
277783,
278019,
278255,
278490,
278647,
278804,
279118,
279275,
279433,
279590,
279825,
280061,
280218,
280375,
280689,
280846,
281082,
281239,
281475,
281710,
281867,
282103,
282260,
282495,
282731,
282888,
283045,
283202,
283438,
283674,
283831,
284066,
284223,
284459,
284616,
284773,
284930,
285087,
285244,
285401,
285637,
285951,
286187,
286501,
286658,
286815,
287129,
287365,
287600,
287757,
287915,
288150,
288307,
288464,
288621,
288778,
288935,
289093,
289250,
289407,
289564,
289721,
289878,
290035,
290231,
290388,
290545,
290703,

1 Column Long Note Times:
157,
11466,
31571,
104453,
109480,
127072,
144036,
144350,
293334,

1 Column Release Times:
785,
11623,
31728,
104767,
110422,
129821,
144114,
144428,
294512,

2 Column Hit Times:
1728,
2042,
2277,
2513,
2748,
2906,
3220,
3377,
3612,
3848,
4005,
4241,
4633,
4869,
5105,
5340,
5576,
5733,
6126,
6283,
6754,
7068,
7304,
7461,
7618,
8010,
8168,
8403,
8639,
8874,
9031,
9267,
9503,
9660,
9895,
10131,
10367,
10524,
10759,
10916,
11073,
11230,
11780,
11937,
12173,
12408,
12644,
12880,
13115,
13272,
13508,
13744,
13979,
14293,
14529,
14686,
14922,
15314,
15471,
15707,
15864,
16100,
16257,
16492,
16964,
17199,
17356,
17749,
18063,
18377,
18770,
19006,
19163,
19398,
19555,
19712,
19869,
20027,
20184,
20341,
20498,
20616,
20773,
20930,
21087,
21283,
21833,
22068,
22226,
22461,
22697,
23011,
23247,
23404,
23639,
23875,
24032,
24346,
24582,
24817,
24974,
25131,
25446,
25760,
25917,
26152,
26309,
26467,
26624,
26859,
27095,
27409,
27645,
27880,
28116,
28351,
28587,
28823,
29058,
29215,
29372,
29608,
29765,
30001,
30236,
30393,
30550,
30865,
31022,
31179,
31336,
31493,
31886,
32043,
32200,
32435,
32592,
32749,
32985,
33142,
33299,
33535,
33770,
33927,
34163,
34320,
34556,
34791,
34948,
35184,
35341,
35577,
35734,
35891,
36126,
36362,
36519,
36676,
36912,
37069,
37305,
37462,
37697,
37854,
38011,
38168,
38326,
38640,
38875,
39032,
39189,
39425,
39582,
39739,
39896,
40053,
40210,
40367,
40525,
40721,
40878,
41035,
41192,
41310,
41467,
41624,
41938,
42174,
42331,
42566,
42802,
42959,
43195,
43352,
43666,
43823,
43980,
44216,
44373,
44608,
44766,
44923,
45237,
45394,
45551,
45786,
45944,
46179,
46336,
46493,
46650,
46886,
47043,
47279,
47514,
47671,
47907,
48064,
48378,
48535,
48692,
48928,
49085,
49321,
49478,
49713,
49870,
50027,
50263,
50499,
50656,
50891,
51206,
51363,
51520,
51677,
51834,
51991,
52226,
52462,
52698,
52933,
53247,
53405,
53640,
53797,
53954,
54190,
54504,
54661,
54897,
55054,
55211,
55446,
55682,
56153,
56389,
56546,
56703,
56939,
57174,
57436,
57645,
57881,
58038,
58195,
58352,
58509,
58666,
58824,
59059,
59295,
59452,
59609,
59766,
59923,
60080,
60237,
60394,
60551,
60708,
60865,
61023,
61180,
61337,
61494,
61651,
61886,
62122,
62358,
62593,
62750,
62986,
63222,
63379,
63614,
63928,
64164,
64321,
64557,
64792,
65028,
65264,
65499,
65735,
65892,
66127,
66363,
66520,
66677,
66991,
67148,
67384,
67620,
67777,
68012,
68169,
68405,
68641,
68876,
69033,
69269,
69426,
69583,
69819,
70054,
70290,
70525,
70761,
70997,
71232,
71468,
71625,
71782,
72018,
72175,
72489,
72725,
72882,
73117,
73353,
73667,
73981,
74217,
74452,
74688,
74924,
75159,
75395,
75630,
75866,
76102,
76337,
76494,
76651,
76887,
77123,
77280,
77594,
77908,
78379,
78693,
79007,
79322,
79557,
79714,
79950,
80107,
80343,
80500,
80657,
80814,
80971,
81128,
81285,
81442,
81599,
81756,
81913,
82070,
82227,
82384,
82620,
82856,
83013,
83248,
83405,
83641,
83798,
84034,
84269,
84426,
84584,
84819,
85055,
85212,
85447,
85604,
85919,
86076,
86390,
86547,
86704,
86861,
87018,
87175,
87489,
87646,
87882,
88039,
88275,
88432,
88589,
88746,
89060,
89217,
89453,
89767,
90003,
90160,
90317,
90474,
90631,
90866,
91102,
91338,
91495,
91652,
91809,
91966,
92202,
92359,
92516,
92751,
92908,
93144,
93301,
93537,
93772,
93929,
94165,
94401,
94636,
94872,
95186,
95343,
95500,
95736,
95893,
96128,
96285,
96521,
96678,
96835,
96992,
97228,
97385,
97542,
97699,
97935,
98092,
98327,
98563,
98720,
98956,
99191,
99427,
99584,
99820,
99977,
100134,
100291,
100448,
100605,
100762,
100919,
101076,
101233,
101390,
101547,
101704,
101862,
102019,
102176,
102411,
102725,
103040,
103511,
104924,
105396,
106966,
107281,
107595,
107909,
108223,
108851,
109323,
109637,
110108,
110579,
111050,
111522,
111993,
112464,
112778,
113092,
113563,
113878,
114192,
114506,
114977,
115448,
116234,
117176,
117647,
118276,
118747,
119218,
119532,
119846,
120318,
120789,
121574,
122045,
122517,
122988,
123616,
124087,
124402,
125187,
125344,
125501,
125815,
126286,
126601,
126915,
132177,
132412,
132883,
133041,
133355,
133826,
133983,
134454,
134768,
135240,
135397,
135868,
136182,
136653,
137124,
137439,
137753,
138067,
138538,
138695,
139009,
139166,
139638,
139952,
140423,
140737,
141051,
141365,
141837,
142151,
142308,
142622,
143250,
144036,
144193,
144507,
145921,
146078,
146392,
146706,
147020,
147648,
148120,
148591,
148748,
149062,
149376,
149847,
150004,
150397,
150790,
150947,
151340,
151497,
151654,
151811,
151968,
152125,
152282,
152439,
153931,
154245,
154560,
154874,
155109,
155423,
155659,
155816,
156287,
156523,
156680,
156916,
157230,
157387,
157622,
157858,
158251,
158408,
158643,
158879,
159193,
159429,
159586,
159743,
159900,
160136,
160371,
160607,
160842,
161078,
161314,
161549,
161706,
161942,
162099,
162413,
162649,
162884,
163120,
163434,
163591,
163827,
164062,
164220,
164455,
164612,
164769,
165083,
165319,
165476,
165712,
165947,
166104,
166340,
166576,
166733,
166968,
167204,
167597,
167832,
167989,
168225,
168460,
168618,
168853,
169010,
169246,
169403,
169560,
169717,
169953,
170188,
170424,
170660,
170817,
171052,
171366,
171680,
172073,
172309,
172701,
172937,
173251,
173487,
173722,
173958,
174115,
174272,
174429,
174586,
174743,
174900,
175058,
175293,
175450,
175686,
175843,
176079,
176236,
176393,
176628,
176785,
177021,
177257,
177414,
177649,
177806,
178042,
178199,
178356,
178592,
178827,
179063,
179220,
179534,
179691,
180005,
180162,
180398,
180555,
180791,
180948,
181183,
181340,
181576,
181812,
181969,
182204,
182361,
182519,
182676,
182911,
183147,
183304,
183461,
183775,
183932,
184089,
184325,
184482,
184639,
184796,
185032,
185267,
185424,
185660,
185896,
186053,
186288,
186445,
186681,
186917,
187074,
187231,
187545,
187702,
188016,
188173,
188409,
188566,
188801,
188959,
189116,
189351,
189508,
189665,
189822,
190058,
190294,
190451,
190686,
190922,
191079,
191315,
191550,
191707,
191943,
192100,
192414,
192571,
192807,
193042,
193278,
193514,
193671,
193985,
194142,
194378,
194535,
194692,
194927,
195084,
195320,
195477,
195713,
195870,
196105,
196341,
196577,
196734,
196891,
197126,
197362,
197598,
197755,
198069,
198226,
198383,
198540,
198776,
198933,
199168,
199325,
199482,
199692,
199875,
200111,
200346,
200503,
200739,
200975,
201289,
201524,
201760,
201996,
202467,
202702,
202938,
203095,
203252,
203409,
203566,
203723,
203880,
204038,
204195,
204744,
204901,
205058,
205216,
205373,
205530,
205687,
205922,
206079,
206237,
206394,
206551,
206708,
206865,
207022,
207493,
207650,
207807,
208043,
208200,
208436,
208593,
208750,
208907,
209221,
209378,
209535,
209771,
210006,
210163,
210478,
210635,
210792,
210949,
211106,
211263,
211420,
211734,
211891,
212048,
212205,
212362,
212834,
212991,
213148,
213305,
213462,
213698,
213855,
214247,
214404,
214561,
214718,
214876,
215190,
215347,
215582,
215739,
216132,
216289,
216446,
216760,
216918,
217075,
217389,
217703,
218017,
218174,
218331,
218645,
218802,
218959,
219274,
219431,
219588,
219745,
219902,
220216,
220530,
220687,
220844,
221001,
221237,
221394,
221630,
221865,
222022,
222415,
222729,
222965,
223122,
223279,
223436,
223593,
223750,
223907,
224064,
224221,
224378,
224536,
224693,
224850,
225478,
225635,
225871,
226106,
226263,
226420,
226577,
226813,
226970,
227127,
227284,
227520,
227677,
227913,
228070,
228305,
228462,
228698,
228855,
229169,
229326,
229562,
229797,
229955,
230112,
230347,
230583,
230818,
231133,
231368,
231525,
231761,
231997,
232154,
232311,
232468,
232625,
232782,
232939,
233175,
233332,
233567,
233724,
233881,
234117,
234274,
234510,
234667,
234902,
235059,
235217,
235374,
235531,
235766,
235923,
236080,
236316,
236473,
236709,
236866,
237101,
237337,
237494,
237651,
237887,
238044,
238279,
238515,
238751,
238986,
239222,
239379,
239615,
239772,
239929,
240164,
240321,
240478,
240636,
240871,
241028,
241264,
241421,
241578,
241814,
241971,
242206,
242442,
242599,
242913,
243070,
243227,
243384,
243541,
243698,
243856,
244013,
244170,
244327,
244562,
244798,
244955,
245191,
245426,
245583,
245740,
245976,
246212,
246369,
246683,
246840,
246997,
247154,
247390,
247704,
247861,
248096,
248254,
248489,
248803,
248960,
249117,
249275,
249432,
249667,
249903,
250060,
250217,
250374,
250610,
250767,
251002,
251159,
251316,
251552,
251709,
251945,
252180,
252337,
252652,
252887,
253044,
253201,
253594,
253751,
253987,
254144,
254301,
254536,
254694,
254851,
255008,
255243,
255400,
255557,
255872,
256029,
256186,
256343,
256500,
256657,
256893,
257050,
257285,
257442,
257678,
257914,
258071,
258228,
258463,
258620,
258856,
259013,
259170,
259327,
259641,
259798,
259956,
260113,
260270,
260427,
260741,
260898,
261134,
261291,
261526,
261683,
261840,
262076,
262312,
262547,
262704,
262940,
263097,
263411,
263568,
263882,
264039,
264275,
264432,
264589,
264746,
264903,
265060,
265217,
265375,
265532,
265767,
265924,
266238,
266396,
266553,
266788,
267024,
267259,
267416,
267574,
267809,
268123,
268280,
268437,
268595,
268752,
268987,
269144,
269380,
269694,
269930,
270087,
270244,
270479,
270794,
270951,
271108,
271343,
271500,
271736,
271893,
272129,
272286,
272521,
272678,
272914,
273071,
273307,
273542,
273699,
273856,
274014,
274249,
274406,
274563,
274720,
275035,
275192,
275349,
275584,
275820,
276055,
276291,
276448,
276605,
276762,
277076,
277234,
277469,
277626,
277862,
278019,
278176,
278412,
278647,
278883,
279040,
279275,
279433,
279590,
279747,
279904,
280061,
280218,
280454,
280611,
280846,
281003,
281317,
281475,
281632,
281946,
282103,
282338,
282574,
282731,
282888,
283045,
283202,
283359,
283595,
283831,
283988,
284302,
284459,
284616,
284773,
285087,
285244,
285480,
285794,
286030,
286265,
286422,
286658,
286894,
287051,
287286,
287522,
287679,
287915,
288072,
288307,
288464,
288621,
288778,
288935,
289093,
289250,
289407,
289564,
289721,
289878,
290035,
290192,
290349,
290506,
290663,
293294,

2 Column Long Note Times:
785,
11466,
21519,
104139,
106024,
143407,
143721,
145292,
145606,
152832,
153460,
225085,

2 Column Release Times:
1413,
11623,
21676,
104453,
106652,
143486,
143800,
145371,
145685,
152910,
153539,
225242,

3 Column Hit Times:
1806,
2042,
2199,
2434,
2670,
2827,
3063,
3298,
3691,
3927,
4241,
4555,
4948,
5183,
5419,
5654,
5811,
6047,
6204,
6440,
6754,
6911,
7068,
7225,
7539,
7696,
7932,
8246,
8482,
8717,
8953,
9188,
9581,
9817,
10052,
10288,
10524,
10681,
10838,
11152,
11309,
11859,
12094,
12251,
12566,
12801,
13037,
13351,
13587,
13822,
13979,
14215,
14372,
14607,
14922,
15236,
15628,
15864,
16021,
16178,
16335,
16807,
17042,
17278,
17435,
17670,
17827,
18063,
18377,
18691,
19006,
19320,
19477,
19634,
19791,
19948,
20105,
20262,
20419,
20576,
20733,
20890,
21047,
21205,
21362,
21519,
21911,
22147,
22383,
22540,
22775,
22932,
23168,
23325,
23482,
23718,
23875,
24110,
24267,
24660,
24817,
25131,
25288,
25446,
25603,
25838,
25995,
26231,
26388,
26545,
26781,
26938,
27173,
27330,
27566,
27723,
27959,
28273,
28430,
28587,
28744,
28901,
29058,
29294,
29687,
29922,
30079,
30315,
30629,
30786,
30943,
31100,
31257,
31414,
31571,
31964,
32200,
32357,
32671,
32907,
33142,
33378,
33613,
33770,
34006,
34242,
34477,
34634,
34870,
35106,
35263,
35498,
35812,
35969,
36126,
36284,
36441,
36598,
36833,
36990,
37147,
37383,
37619,
37776,
37933,
38168,
38404,
38561,
38718,
38954,
39111,
39346,
39504,
39661,
39818,
39975,
40132,
40289,
40446,
40603,
40760,
40917,
41074,
41231,
41388,
42017,
42252,
42488,
42645,
42881,
43038,
43195,
43430,
43587,
43823,
44059,
44294,
44530,
44687,
44844,
45001,
45158,
45394,
45629,
45865,
46101,
46258,
46415,
46572,
46729,
46965,
47200,
47357,
47593,
47750,
47907,
48143,
48300,
48535,
48771,
49006,
49242,
49478,
49635,
49792,
49949,
50185,
50342,
50577,
50734,
50970,
51127,
51441,
51598,
51755,
51912,
52069,
52305,
52462,
52619,
52776,
53012,
53169,
53326,
53562,
53876,
54033,
54268,
54426,
54661,
54818,
55132,
55368,
55525,
55761,
55918,
56075,
56310,
56467,
56625,
56782,
57017,
57174,
57384,
57593,
57803,
58117,
58274,
58431,
58588,
58745,
59007,
59216,
59530,
59687,
59845,
60002,
60159,
60316,
60473,
60630,
60826,
60983,
61140,
61297,
61415,
61572,
61808,
62044,
62279,
62436,
62672,
63065,
63300,
63693,
63928,
64243,
64557,
64871,
65106,
65342,
65578,
65813,
66206,
66442,
66599,
66834,
67070,
67463,
67698,
68012,
68248,
68484,
68798,
69112,
69347,
69583,
69897,
70133,
70368,
70525,
70840,
71075,
71389,
71546,
71861,
72096,
72253,
72410,
72567,
72803,
72960,
73196,
73431,
73588,
73981,
74295,
74531,
74766,
74924,
75238,
75473,
75709,
75866,
76180,
76416,
76573,
76730,
76965,
77201,
77437,
77672,
77829,
78065,
78301,
78458,
78693,
79007,
79243,
79479,
79793,
80028,
80264,
80421,
80578,
80735,
80892,
81049,
81206,
81364,
81560,
81717,
81874,
82031,
82149,
82306,
82542,
82699,
82934,
83170,
83484,
83720,
83877,
84034,
84191,
84505,
84662,
84898,
85133,
85369,
85604,
85762,
85919,
86154,
86311,
86625,
86783,
86940,
87175,
87332,
87489,
87725,
87961,
88196,
88353,
88510,
88746,
88903,
89060,
89296,
89531,
89688,
89845,
90003,
90238,
90474,
90709,
90945,
91102,
91259,
91573,
91730,
91887,
92044,
92202,
92437,
92673,
92987,
93144,
93380,
93694,
93929,
94086,
94244,
94401,
94558,
94793,
95029,
95264,
95500,
95657,
95971,
96128,
96364,
96600,
96757,
96914,
97149,
97306,
97542,
97778,
98013,
98249,
98406,
98642,
98799,
99034,
99270,
99427,
99584,
99741,
99898,
100055,
100212,
100369,
100526,
100683,
100841,
101037,
101194,
101351,
101508,
101665,
101822,
101979,
102136,
103354,
104610,
105082,
105553,
105867,
106181,
107438,
108066,
108223,
108694,
109008,
109951,
110422,
111050,
111364,
111836,
112150,
112621,
112935,
113406,
113721,
114192,
114663,
115134,
115448,
115920,
116391,
116705,
117019,
117333,
117804,
118119,
118904,
119689,
120161,
121103,
121417,
121731,
122202,
122674,
123145,
123302,
123773,
124244,
124559,
125187,
125658,
125972,
126443,
126758,
132255,
132569,
132726,
133198,
133355,
133512,
133983,
134140,
134611,
134768,
135082,
135397,
135711,
136025,
136182,
136810,
137282,
137439,
137753,
137910,
138381,
138695,
139323,
139795,
139952,
140266,
140580,
141051,
141208,
141680,
141994,
142465,
142622,
143564,
143879,
144193,
144507,
144821,
145135,
145449,
145606,
146392,
146549,
146863,
147020,
147177,
147491,
147805,
148277,
148591,
148905,
149219,
149690,
150004,
150161,
150476,
150711,
150868,
151104,
151261,
151418,
151575,
151732,
151889,
152046,
152203,
152361,
152518,
154088,
154402,
155031,
155266,
155502,
155738,
155973,
156209,
156366,
156601,
156837,
156994,
157230,
157465,
157701,
157937,
158172,
158565,
158801,
158958,
159115,
159350,
159507,
159664,
159979,
160214,
160371,
160685,
160921,
161235,
161628,
161785,
162020,
162256,
162492,
162727,
162884,
163199,
163356,
163748,
164141,
164377,
164534,
164848,
165083,
165398,
165633,
166026,
166183,
166419,
166654,
167047,
167282,
167518,
167754,
168068,
168382,
168539,
168853,
169089,
169324,
169481,
169639,
169874,
170031,
170267,
170581,
170895,
171131,
171366,
171680,
171995,
172387,
172623,
172937,
173251,
173408,
173644,
173880,
174037,
174194,
174351,
174508,
174665,
174822,
174979,
175136,
175293,
175529,
175764,
176000,
176236,
176550,
176707,
176942,
177100,
177335,
177571,
177728,
177963,
178278,
178513,
178670,
178906,
179063,
179299,
179456,
179613,
179770,
179927,
180084,
180320,
180634,
180791,
181026,
181262,
181419,
181576,
181733,
182047,
182204,
182519,
182754,
182990,
183147,
183461,
183618,
183775,
184089,
184246,
184403,
184560,
184718,
184953,
185110,
185346,
185503,
185660,
185817,
186131,
186288,
186524,
186759,
186917,
187231,
187388,
187545,
187702,
187859,
188016,
188252,
188487,
188723,
188880,
189116,
189273,
189430,
189587,
189744,
189979,
190137,
190372,
190608,
190765,
191000,
191158,
191315,
191472,
191786,
191943,
192179,
192336,
192571,
192728,
192885,
193042,
193199,
193357,
193514,
193749,
193906,
194142,
194299,
194613,
194770,
194927,
195163,
195399,
195634,
195791,
196027,
196184,
196419,
196655,
196969,
197126,
197283,
197440,
197598,
197833,
197990,
198226,
198461,
198619,
198854,
199090,
199247,
199482,
199639,
199797,
200032,
200425,
200582,
200818,
201053,
201210,
201446,
201839,
202074,
202231,
202388,
202624,
203017,
203174,
203331,
203488,
203645,
203802,
203959,
204195,
204352,
204666,
204823,
205019,
205176,
205294,
205451,
205608,
205765,
206079,
206237,
206394,
206786,
206943,
207179,
207336,
207493,
207807,
207964,
208121,
208278,
208436,
208671,
208828,
209299,
209457,
209692,
209849,
210006,
210320,
210478,
210635,
210792,
211184,
211341,
211577,
211813,
211970,
212284,
212519,
212677,
212834,
213069,
213226,
213619,
213776,
213933,
214090,
214247,
214404,
214561,
214797,
215504,
215661,
215818,
215975,
216132,
216289,
216446,
216603,
216839,
216996,
217232,
217546,
217703,
218017,
218174,
218331,
218488,
218724,
218881,
219117,
219274,
219431,
219588,
219823,
220059,
220530,
220687,
220844,
221237,
221394,
221630,
221787,
221944,
222101,
222258,
222415,
222572,
222886,
223043,
223200,
223358,
223515,
223672,
223829,
223986,
224182,
224339,
224496,
224653,
224771,
224928,
225242,
225557,
225792,
225949,
226185,
226342,
226499,
226656,
226813,
227049,
227363,
227598,
227834,
228148,
228384,
228541,
228698,
228934,
229091,
229248,
229405,
229719,
229876,
230112,
230269,
230504,
230661,
230897,
231054,
231290,
231604,
231918,
232154,
232389,
232546,
232782,
233017,
233253,
233489,
233724,
233960,
234196,
234431,
234667,
234824,
234981,
235295,
235452,
235688,
235923,
236159,
236395,
236552,
236787,
237023,
237258,
237494,
237730,
237965,
238201,
238437,
238594,
238829,
239065,
239222,
239457,
239693,
239850,
240007,
240243,
240478,
240714,
240950,
241185,
241421,
241657,
241892,
242128,
242285,
242520,
242756,
242992,
243149,
243306,
243463,
243620,
243777,
243934,
244091,
244248,
244641,
244877,
245112,
245348,
245505,
245662,
245897,
246055,
246290,
246447,
246604,
246918,
247076,
247311,
247468,
247625,
247782,
247939,
248175,
248411,
248568,
248725,
248882,
249196,
249510,
249824,
249981,
250217,
250453,
250688,
250924,
251159,
251395,
251631,
251788,
252023,
252259,
252495,
252730,
252887,
253201,
253358,
253516,
253673,
253830,
253987,
254301,
254458,
254615,
254772,
254929,
255086,
255243,
255479,
255636,
255793,
256107,
256264,
256500,
256736,
256971,
257207,
257364,
257599,
257835,
258071,
258306,
258542,
258777,
258935,
259170,
259406,
259563,
259798,
260034,
260191,
260427,
260584,
260741,
260976,
261212,
261448,
261762,
261997,
262233,
262390,
262626,
262861,
263097,
263254,
263411,
263647,
263804,
264039,
264196,
264354,
264511,
264668,
264825,
264982,
265139,
265296,
265453,
265610,
265767,
266003,
266160,
266396,
266631,
266867,
267024,
267181,
267495,
267731,
267888,
268045,
268202,
268359,
268595,
268830,
269066,
269301,
269458,
269615,
269773,
270008,
270165,
270322,
270558,
270715,
270951,
271186,
271422,
271657,
271815,
272050,
272364,
272521,
272757,
272993,
273150,
273307,
273464,
273778,
273935,
274092,
274249,
274485,
274642,
274799,
274956,
275113,
275349,
275506,
275741,
275898,
276134,
276291,
276527,
276841,
276998,
277234,
277391,
277705,
277862,
278097,
278333,
278569,
278726,
278961,
279197,
279511,
279747,
279982,
280139,
280296,
280532,
280768,
281003,
281160,
281317,
281632,
281789,
281946,
282181,
282417,
282574,
282967,
283359,
283516,
283674,
283909,
284145,
284302,
284537,
284852,
285009,
285166,
285323,
285558,
285715,
285873,
286030,
286187,
286344,
286579,
286736,
286972,
287129,
287286,
287443,
287757,
287993,
288229,
288386,
288543,
288700,
288857,
289014,
289171,
289328,
289485,
289642,
289799,
289956,
290153,
290310,
290467,
290624,
290742,
293255,

3 Column Long Note Times:
16492,
41624,
102254,
103825,
106652,
127072,
129899,
130213,
130527,
130842,
131156,
131470,
131784,
142779,
143093,
145921,
146235,
153146,
215033,

3 Column Release Times:
16649,
41781,
102725,
104139,
107281,
129821,
130135,
130449,
130763,
131077,
131391,
131705,
132098,
142858,
143172,
145999,
146313,
153224,
215190,

4 Column Hit Times:
1885,
2120,
2356,
2670,
2984,
3298,
3534,
3769,
3927,
4162,
4398,
4555,
4790,
5026,
5183,
5497,
5811,
5968,
6204,
7147,
7382,
7696,
7853,
8089,
8325,
8560,
8796,
8953,
9110,
9346,
9581,
9974,
10209,
10602,
10838,
11152,
11309,
11780,
12094,
12330,
12487,
12723,
13037,
13351,
13665,
13901,
14136,
14450,
14607,
14843,
15079,
15236,
15393,
15550,
15943,
16178,
16335,
16807,
17121,
17435,
17592,
17906,
18142,
18299,
18534,
18691,
18927,
19320,
19477,
19634,
19791,
19948,
20105,
20262,
20419,
20576,
20694,
20851,
21008,
21205,
21362,
21676,
21990,
22147,
22304,
22618,
22775,
22932,
23089,
23325,
23561,
23718,
23953,
24189,
24346,
24503,
24660,
24896,
25053,
25288,
25524,
25681,
25838,
26074,
26231,
26388,
26545,
26702,
27016,
27173,
27330,
27487,
27802,
28037,
28194,
28430,
28666,
28901,
29137,
29372,
29529,
29687,
29844,
30158,
30315,
30629,
30786,
31100,
31257,
31414,
31571,
31886,
32121,
32357,
32514,
32671,
32828,
32985,
33221,
33456,
33692,
33927,
34085,
34242,
34399,
34713,
34870,
35027,
35341,
35498,
35655,
35812,
36048,
36284,
36441,
36598,
36755,
37069,
37226,
37383,
37540,
37854,
38090,
38326,
38483,
38797,
38954,
39268,
39504,
39661,
39818,
39975,
40132,
40289,
40446,
40603,
40799,
40956,
41114,
41271,
41388,
41938,
42095,
42252,
42409,
42724,
42881,
43038,
43273,
43509,
43745,
43980,
44137,
44294,
44451,
44766,
45080,
45315,
45551,
45708,
45865,
46022,
46415,
46650,
46807,
46965,
47122,
47436,
47593,
47750,
47986,
48221,
48457,
48692,
48849,
49006,
49164,
49399,
49635,
49949,
50106,
50420,
50577,
50813,
51048,
51284,
51441,
51677,
51991,
52148,
52384,
52619,
52855,
53090,
53405,
53562,
53719,
53876,
54111,
54347,
54583,
54818,
54975,
55132,
55289,
55604,
55761,
55918,
56075,
56232,
56467,
56703,
56860,
57017,
57331,
57541,
57803,
57960,
58117,
58274,
58431,
58588,
58745,
58954,
59164,
59373,
59530,
59687,
59845,
60002,
60159,
60316,
60473,
60630,
60787,
60944,
61101,
61258,
61415,
61572,
61729,
62044,
62515,
62672,
62907,
63143,
63300,
63536,
63771,
64007,
64243,
64478,
64714,
64871,
65185,
65421,
65656,
65813,
66049,
66285,
66442,
66599,
66756,
67070,
67305,
67541,
67698,
67934,
68326,
68562,
68719,
68955,
69190,
69505,
69740,
69897,
70211,
70447,
70683,
70840,
71154,
71311,
71546,
71704,
71939,
72096,
72410,
72646,
73039,
73274,
73510,
73745,
73903,
74138,
74295,
74609,
74845,
75081,
75238,
75552,
75787,
76023,
76180,
76337,
76573,
76808,
77044,
77437,
77751,
78065,
78222,
78536,
78772,
78929,
79164,
79400,
79636,
79871,
80264,
80421,
80578,
80735,
80892,
81049,
81206,
81364,
81521,
81678,
81835,
81992,
82149,
82306,
82463,
82777,
82934,
83091,
83327,
83563,
83720,
83955,
84191,
84348,
84505,
84741,
84976,
85133,
85290,
85526,
85762,
85997,
86233,
86468,
86625,
86861,
87097,
87332,
87568,
87804,
87961,
88118,
88432,
88667,
88903,
89139,
89374,
89531,
89688,
89845,
90081,
90317,
90552,
90788,
91024,
91259,
91416,
91573,
91730,
91887,
92044,
92280,
92516,
92673,
92830,
92987,
93223,
93458,
93615,
93851,
94086,
94244,
94479,
94715,
94872,
95029,
95186,
95422,
95657,
95814,
95971,
96207,
96443,
96600,
96757,
96914,
97071,
97385,
97621,
97856,
98013,
98170,
98484,
98642,
98877,
99113,
99270,
99505,
99741,
99898,
100055,
100212,
100369,
100526,
100683,
100841,
100998,
101155,
101312,
101469,
101626,
101783,
101940,
102097,
102254,
102883,
104296,
106338,
106495,
107281,
107909,
108537,
109165,
109480,
109794,
110265,
110736,
111207,
111364,
111679,
112307,
112935,
113249,
113878,
114349,
114820,
115134,
115605,
116077,
116862,
117019,
117490,
117962,
118433,
118904,
119061,
119375,
120003,
120475,
120632,
120946,
121417,
121888,
122360,
122831,
123459,
123930,
124716,
125030,
125658,
125815,
126129,
126758,
132334,
132726,
133041,
133669,
134140,
134297,
134611,
134925,
135554,
136025,
136496,
136653,
136967,
137124,
137910,
138224,
138852,
139166,
139481,
139795,
140423,
140894,
141365,
141522,
141837,
141994,
142308,
142465,
142779,
142936,
143564,
143721,
145449,
145763,
146078,
146549,
146863,
147334,
147491,
147805,
147962,
148434,
149062,
149219,
149533,
150319,
150633,
151261,
151418,
151575,
151732,
151889,
152046,
152203,
152361,
152518,
154402,
154717,
155031,
155345,
155581,
155973,
156130,
156444,
156759,
157073,
157308,
157544,
157780,
158015,
158172,
158329,
158486,
158801,
159036,
159272,
159507,
159743,
160057,
160293,
160528,
160685,
161000,
161157,
161392,
161628,
161863,
162256,
162570,
162806,
163041,
163199,
163513,
163670,
163905,
164141,
164298,
164534,
164691,
165005,
165162,
165398,
165555,
165790,
166026,
166261,
166497,
166654,
166890,
167125,
167282,
167440,
167675,
167911,
168146,
168303,
168539,
168775,
169167,
169324,
169481,
169639,
169796,
170110,
170345,
170502,
170738,
170974,
171209,
171445,
171602,
171838,
171995,
172230,
172466,
172623,
172859,
173094,
173330,
173565,
173880,
174037,
174194,
174351,
174508,
174665,
174822,
174979,
175136,
175372,
175607,
175764,
175921,
176079,
176314,
176471,
176707,
176864,
177178,
177335,
177492,
177806,
177963,
178120,
178278,
178435,
178749,
178906,
179141,
179377,
179613,
179848,
180162,
180320,
180477,
180634,
180869,
181105,
181262,
181498,
181733,
181890,
182047,
182283,
182440,
182597,
182833,
182990,
183225,
183382,
183618,
183854,
184011,
184246,
184403,
184560,
184718,
184875,
185189,
185346,
185581,
185817,
185974,
186131,
186367,
186602,
186759,
186995,
187152,
187388,
187623,
187859,
188095,
188330,
188487,
188644,
189037,
189273,
189430,
189587,
189744,
189901,
190215,
190372,
190529,
190843,
191000,
191236,
191472,
191629,
191786,
192021,
192257,
192493,
192728,
192885,
193199,
193357,
193592,
193828,
194063,
194299,
194456,
194613,
194770,
195006,
195241,
195399,
195556,
195870,
196027,
196262,
196498,
196655,
196812,
197048,
197283,
197440,
197676,
197912,
198147,
198304,
198697,
198854,
199011,
199168,
199404,
199639,
199797,
199954,
200268,
200582,
200896,
201210,
201367,
201681,
201839,
202153,
202545,
202859,
203174,
203331,
203488,
203645,
203802,
203959,
204352,
204509,
204666,
204823,
204980,
205137,
205294,
205451,
205608,
205765,
206158,
206315,
206551,
206786,
206943,
207336,
207964,
208121,
208278,
208671,
208828,
209064,
209221,
209378,
209535,
209692,
209849,
210163,
210320,
210556,
210713,
211106,
211263,
211420,
211577,
211813,
211970,
212205,
212362,
212519,
213069,
213226,
213462,
213619,
213776,
213933,
214326,
214483,
214797,
215033,
215347,
215504,
215661,
215818,
216211,
216368,
216760,
216918,
217075,
217232,
217546,
217860,
218096,
218253,
218645,
218802,
218959,
219117,
219352,
219509,
219823,
220059,
220216,
220373,
220609,
220766,
221158,
221316,
221473,
221865,
222022,
222258,
222572,
222886,
223043,
223200,
223358,
223515,
223672,
223829,
223986,
224143,
224300,
224457,
224614,
224771,
224928,
225085,
225399,
225557,
225714,
226028,
226185,
226342,
226656,
226892,
227206,
227441,
227598,
227756,
227991,
228227,
228384,
228541,
228777,
229012,
229483,
229640,
229876,
230033,
230269,
230426,
230740,
230897,
231054,
231211,
231447,
231682,
231839,
231997,
232232,
232468,
232703,
232939,
233096,
233253,
233410,
233646,
233881,
234038,
234196,
234353,
234588,
234824,
234981,
235138,
235295,
235452,
235609,
235845,
236080,
236237,
236395,
236630,
236866,
237023,
237180,
237416,
237651,
237808,
237965,
238122,
238358,
238594,
238751,
238908,
239143,
239379,
239536,
239693,
239850,
240007,
240164,
240400,
240636,
240793,
240950,
241107,
241342,
241578,
241735,
241892,
242049,
242363,
242520,
242677,
242835,
242992,
243149,
243306,
243463,
243620,
243777,
243934,
244091,
244248,
244484,
244719,
245034,
245269,
245505,
245662,
245819,
246133,
246290,
246447,
246604,
246761,
247076,
247233,
247547,
247861,
248018,
248175,
248332,
248646,
248803,
249039,
249353,
249589,
249746,
249981,
250138,
250374,
250531,
250688,
250845,
251081,
251316,
251474,
251631,
251866,
252102,
252259,
252416,
252573,
252730,
252966,
253123,
253358,
253516,
253673,
253830,
254065,
254222,
254458,
254615,
254929,
255086,
255322,
255557,
255715,
255950,
256186,
256421,
256657,
256814,
256971,
257128,
257442,
257599,
257756,
257992,
258228,
258385,
258542,
258699,
259013,
259249,
259484,
259720,
259877,
260034,
260348,
260584,
260819,
261055,
261212,
261369,
261605,
261840,
261997,
262155,
262469,
262626,
262783,
263018,
263254,
263490,
263725,
263961,
264196,
264354,
264511,
264668,
264825,
264982,
265139,
265296,
265453,
265610,
265846,
266081,
266317,
266553,
266710,
266945,
267181,
267338,
267495,
267652,
267966,
268123,
268516,
268752,
268909,
269066,
269223,
269537,
269851,
270008,
270165,
270401,
270636,
270872,
271108,
271265,
271422,
271579,
271893,
272050,
272207,
272364,
272600,
272835,
272993,
273228,
273464,
273621,
273778,
274092,
274328,
274563,
274877,
275113,
275270,
275506,
275663,
275977,
276134,
276370,
276684,
276919,
277155,
277391,
277548,
277705,
277940,
278176,
278333,
278490,
278804,
278961,
279118,
279354,
279668,
279904,
280139,
280375,
280532,
280689,
280925,
281160,
281396,
281553,
281789,
282024,
282260,
282417,
282653,
282810,
283124,
283281,
283516,
283752,
283988,
284145,
284380,
284695,
284930,
285166,
285401,
285558,
285715,
285873,
286108,
286344,
286501,
286815,
286972,
287208,
287443,
287600,
287836,
288072,
288229,
288386,
288543,
288700,
288857,
289014,
289171,
289328,
289485,
289642,
289799,
289956,
290114,
290271,
290428,
290585,

4 Column Long Note Times:
1413,
6440,
41624,
103197,
104767,
127072,
144664,
144978,
153774,
290742,

4 Column Release Times:
1728,
6597,
41781,
103825,
106024,
129821,
144742,
145057,
154088,
293255,

