1 Column Hit Times:
3243,
3648,
4053,
4459,
4864,
5270,
5675,
6080,
6486,
6891,
7297,
7702,
8107,
8513,
8918,
9324,
9729,
10134,
10540,
10945,
11351,
11756,
12161,
12567,
12972,
13378,
13783,
14188,
14594,
14999,
15405,
15810,
16215,
16621,
17026,
17432,
17837,
18242,
18648,
19053,
19459,
19864,
20270,
20675,
21080,
21486,
21891,
22297,
22702,
23107,
23513,
23918,
24324,
24729,
25134,
25540,
25945,
26351,
26756,
27161,
27567,
27972,
29188,
29391,
29492,
29594,
29797,
29999,
30202,
30405,
30810,
31215,
31317,
31621,
32026,
32229,
32432,
32634,
32736,
32837,
33040,
33242,
33648,
33851,
34053,
34459,
34864,
35270,
35472,
35675,
35878,
35979,
36080,
36283,
36486,
36891,
37297,
37702,
37905,
38107,
38513,
38918,
39121,
39222,
39324,
39526,
39729,
40134,
40337,
40540,
40742,
40945,
41351,
41553,
41756,
42161,
42364,
42465,
42567,
42770,
42972,
43175,
43378,
43580,
43783,
44188,
44594,
44999,
45405,
45607,
45709,
45810,
46013,
46215,
46621,
46824,
47026,
47432,
47634,
47837,
48242,
48445,
48648,
48851,
48952,
49053,
49256,
49459,
49763,
49864,
50067,
50270,
50675,
51080,
51486,
51790,
51891,
52094,
52195,
52297,
52499,
52702,
53006,
53107,
53310,
53513,
53918,
54324,
54425,
54729,
54932,
55134,
55337,
55742,
55844,
56148,
56756,
56959,
57364,
57465,
57770,
58378,
58682,
58986,
59087,
59391,
59999,
60202,
60607,
60709,
60911,
61114,
61621,
61925,
62229,
62330,
62634,
63242,
63445,
63851,
63952,
64256,
64864,
65168,
65472,
65574,
65878,
66283,
66486,
66688,
67094,
67195,
67499,
67702,
68107,
72364,
72770,
78851,
79256,
81080,
85844,
91013,
91317,
91520,
91621,
91824,
92229,
94053,
97195,
98310,
98715,
99932,
100540,
100641,
100742,
100844,
100945,
101047,
101148,
101249,
101351,
101452,
101553,
101655,
101756,
101857,
101959,
102060,
102161,
102263,
102364,
102465,
102567,
102668,
102770,
102871,
102972,
103074,
103175,
103276,
103378,
103479,
103580,
103682,
103783,
103884,
103986,
104087,
104188,
104290,
104391,
104492,
104594,
104695,
104797,
104898,
104999,
105101,
105202,
105303,
105405,
105506,
105607,
105709,
105810,
105911,
106013,
106114,
107128,
107330,
107533,
107736,
107837,
108040,
108242,
108344,
108547,
108749,
108851,
109155,
109256,
109357,
109459,
109560,
109661,
109965,
110168,
110270,
110371,
110472,
110574,
110675,
110776,
110878,
110979,
111080,
111182,
111283,
111384,
111486,
111587,
111688,
111790,
111891,
112094,
112297,
112398,
112499,
112601,
112702,
112803,
112905,
113107,
113209,
113411,
113513,
113715,
113817,
114020,
114222,
114324,
114526,
114628,
114729,
114932,
115033,
115134,
115236,
115337,
115438,
115641,
115844,
115945,
116047,
116148,
116351,
116452,
116655,
116756,
116857,
116959,
117060,
117161,
117263,
117364,
117465,
117567,
117668,
117770,
117871,
117972,
118074,
118175,
118276,
118378,
118479,
118580,
118682,
118884,
118986,
119087,
119188,
119391,
119594,
119797,
119999,
120101,
120202,
120506,
120709,
120810,
120911,
121013,
121215,
121317,
121520,
121621,
121824,
121925,
122026,
122128,
122330,
122432,
122533,
122634,
122837,
122938,
123141,
123242,
123344,
123445,
123547,
123648,
123749,
123851,
123952,
124053,
124155,
124256,
124357,
124459,
124560,
124661,
124763,
124864,
125067,
125371,
125574,
125675,
125776,
125878,
126080,
126182,
126283,
126384,
126486,
126688,
126891,
126992,
127195,
127297,
127499,
127601,
127702,
127905,
128006,
128107,
128209,
128310,
128411,
128614,
128817,
128918,
129121,
129222,
129425,
129628,
129729,
129830,
129932,
130033,
130134,
130236,
130337,
130438,
130540,
130641,
130742,
130844,
130945,
131047,
131148,
131249,
131351,
131553,
131756,
131857,
131959,
132060,
132161,
132263,
132364,
132465,
132567,
132770,
132871,
132972,
133074,
133378,
133479,
133682,
133783,
133986,
134188,
134290,
134391,
134492,
134594,
134797,
134898,
134999,
135101,
135303,
135405,
135607,
135709,
135810,
135911,
136114,
136215,
136317,
136418,
136520,
136621,
136722,
136824,
136925,
137026,
137128,
137229,
137330,
137432,
137533,
137634,
137736,
137837,
138040,
138242,
138344,
138547,
138648,
138851,
138952,
139053,
139155,
139357,
139459,
139560,
139661,
139763,
139864,
139965,
140168,
140270,
140472,
140675,
140776,
140878,
140979,
141080,
141182,
141283,
141384,
141486,
141587,
141790,
141891,
142094,
142195,
142297,
142398,
142601,
142702,
142803,
142905,
143006,
143107,
143209,
143310,
143411,
143513,
143614,
143715,
143817,
143918,
144020,
144121,
144222,
144324,
144526,
144729,
144830,
144932,
145033,
145134,
145438,
145540,
145742,
145945,
146047,
146148,
146249,
146351,
146452,
146655,
146756,
146857,
146959,
147161,
147263,
147364,
147465,
147567,
147668,
147770,
147871,
147972,
148074,
148276,
148378,
148479,
148580,
148783,
148884,
149087,
149188,
149290,
149391,
149492,
149594,
149695,
149797,
149898,
149999,
150101,
150202,
150303,
150405,
150506,
150607,
150709,
150810,
150911,
151013,
151114,
151215,
151317,
151520,
151621,
151824,
151925,
152026,
152128,
152330,
152432,
152533,
152634,
152837,
152938,
153141,
153242,
153344,
153445,
153648,
153851,
153952,
154053,
154256,
154459,
154560,
154763,
154864,
154965,
155067,
155270,
155371,
155472,
155574,
155675,
155878,
156080,
156182,
156283,
156384,
156486,
156688,
156891,
156992,
157297,
157398,
157499,
157601,
157702,
157803,
157905,
158006,
158107,
158209,
158310,
158411,
158513,
158614,
158715,
158817,
158918,
159121,
159222,
159324,
159526,
159729,
160033,
160134,
160337,
160540,
160945,
161148,
161351,
161553,
161756,
162161,
162364,
162465,
162567,
162770,
162972,
163378,
163580,
163783,
163986,
164188,
164391,
164594,
164999,
165202,
165405,
165607,
165709,
165810,
166013,
166215,
166418,
166621,
166824,
167026,
167432,
167634,
167837,
168242,
168547,
168648,
168851,
168952,
169053,
169256,
169459,
169661,
169864,
170067,
170270,
170472,
170675,
170878,
171080,
171283,
171486,
171790,
171891,
172297,
172702,
173107,
173513,
173918,
174324,
174729,
175134,
175540,
175945,
176351,
176756,
177161,
177567,
177972,
178378,
178783,
179188,
179594,
179999,
180405,
180810,
181215,
181621,
182026,
182432,
182837,
183242,
183648,
184053,
184459,

1 Column Long Note Times:
106215,
106317,
106418,
106520,
106621,
106722,
106824,
106925,
107026,
184864,

1 Column Release Times:
106283,
106384,
106486,
106587,
106688,
106790,
106891,
106992,
107077,
187297,

2 Column Hit Times:
16215,
16621,
16824,
17026,
17432,
17837,
18242,
18445,
18648,
19053,
19459,
19864,
20067,
20270,
20675,
21080,
21486,
21688,
21891,
22297,
22702,
23107,
23310,
23513,
23918,
24324,
24729,
24932,
25134,
25540,
25945,
26351,
26553,
26756,
27161,
27567,
27972,
28175,
28378,
28479,
28580,
28682,
28783,
28884,
28986,
29087,
29188,
29290,
29492,
29898,
30101,
30303,
30506,
30709,
31013,
31215,
31418,
31621,
31824,
32026,
32330,
32533,
32634,
32736,
32938,
33141,
33344,
33547,
33749,
34256,
34459,
34560,
34763,
35067,
35371,
35574,
35675,
35776,
35979,
36182,
36384,
36587,
36790,
37094,
37499,
37702,
38006,
38209,
38411,
38817,
39020,
39121,
39222,
39425,
39628,
39830,
40033,
40236,
40438,
40641,
40844,
41047,
41249,
41452,
41655,
42060,
42161,
42263,
42465,
42668,
42871,
43074,
43276,
43479,
43682,
43884,
44087,
44290,
44492,
44695,
44898,
45101,
45303,
45506,
45607,
45709,
45911,
46114,
46317,
46520,
46621,
46824,
47229,
47432,
47736,
47938,
48141,
48344,
48648,
48749,
48851,
48952,
49155,
49459,
49661,
49864,
49965,
50168,
50472,
50675,
50878,
51080,
51182,
51384,
51486,
51688,
51992,
52195,
52398,
52601,
52803,
53006,
53107,
53310,
53715,
53918,
54121,
54324,
54425,
54729,
54932,
55134,
55337,
56249,
56553,
58580,
58884,
59188,
59492,
61013,
61621,
61824,
62432,
63040,
65067,
65371,
65675,
65979,
66688,
67398,
67803,
68107,
68817,
71351,
71756,
72060,
72567,
72871,
74594,
75303,
77837,
78242,
78547,
79053,
79357,
81080,
82094,
82499,
84830,
85641,
88580,
88986,
92026,
92330,
94053,
95067,
95472,
96182,
96992,
98513,
98817,
99121,
99425,
100236,
101553,
101959,
102161,
102263,
102364,
102465,
102567,
102668,
102770,
102871,
102972,
103074,
103175,
103276,
103378,
103479,
103580,
103682,
103783,
103884,
103986,
104087,
104188,
104290,
104391,
104492,
104594,
104695,
104797,
104898,
104999,
105101,
105202,
105303,
105405,
105506,
105607,
105709,
105810,
105911,
106013,
106114,
107229,
107432,
107736,
107938,
108040,
108242,
108445,
108648,
108851,
108952,
109053,
109155,
109357,
109459,
109661,
109864,
109965,
110067,
110168,
110270,
110472,
110675,
110776,
110979,
111283,
111486,
111688,
111790,
111891,
111992,
112094,
112195,
112297,
112398,
112499,
112601,
112702,
112803,
112905,
113006,
113107,
113209,
113310,
113411,
113513,
113715,
113918,
114020,
114222,
114324,
114526,
114729,
114830,
114932,
115033,
115134,
115337,
115540,
115641,
115742,
115844,
115945,
116148,
116249,
116452,
116553,
116655,
116857,
116959,
117161,
117263,
117364,
117465,
117770,
117972,
118175,
118276,
118378,
118479,
118580,
118682,
118783,
118884,
118986,
119087,
119188,
119290,
119391,
119492,
119594,
119695,
119797,
119898,
119999,
120202,
120303,
120405,
120506,
120607,
120709,
120810,
121013,
121114,
121215,
121418,
121621,
121722,
121824,
122128,
122229,
122330,
122432,
122634,
122736,
122837,
122938,
123141,
123242,
123344,
123445,
123648,
123749,
123952,
124053,
124256,
124459,
124661,
124763,
124864,
124965,
125067,
125168,
125270,
125371,
125472,
125574,
125675,
125776,
125878,
125979,
126080,
126182,
126283,
126384,
126486,
126587,
126688,
126992,
127195,
127398,
127499,
127702,
127803,
127905,
128006,
128107,
128310,
128513,
128614,
128817,
128918,
129020,
129121,
129324,
129425,
129526,
129628,
129729,
129932,
130033,
130134,
130236,
130438,
130540,
130742,
130945,
131047,
131148,
131249,
131351,
131452,
131553,
131655,
131756,
131857,
131959,
132060,
132161,
132263,
132364,
132465,
132567,
132668,
132770,
132871,
132972,
133175,
133276,
133378,
133479,
133682,
133783,
133884,
133986,
134188,
134391,
134492,
134594,
134695,
134797,
134999,
135101,
135202,
135303,
135405,
135506,
135607,
135810,
135911,
136114,
136215,
136418,
136621,
136722,
136824,
136925,
137026,
137229,
137432,
137634,
137736,
137837,
137938,
138040,
138141,
138242,
138344,
138445,
138547,
138648,
138749,
138851,
138952,
139053,
139155,
139256,
139357,
139459,
139661,
139864,
139965,
140168,
140270,
140371,
140472,
140675,
140878,
140979,
141080,
141283,
141486,
141587,
141688,
141790,
141891,
142094,
142297,
142398,
142601,
142702,
142905,
143107,
143209,
143310,
143513,
143715,
143918,
144020,
144121,
144222,
144324,
144425,
144526,
144628,
144729,
144830,
144932,
145033,
145134,
145236,
145337,
145438,
145540,
145641,
145742,
145844,
145945,
146148,
146351,
146452,
146655,
146756,
146959,
147060,
147161,
147364,
147465,
147567,
147770,
147972,
148074,
148175,
148276,
148378,
148580,
148682,
148783,
148884,
149087,
149188,
149290,
149391,
149594,
149695,
149898,
149999,
150101,
150202,
150303,
150405,
150607,
150709,
150810,
150911,
151013,
151114,
151215,
151317,
151418,
151520,
151621,
151722,
151824,
151925,
152026,
152128,
152229,
152330,
152432,
152634,
152837,
152938,
153040,
153141,
153242,
153445,
153648,
153749,
153851,
153952,
154053,
154155,
154256,
154459,
154560,
154661,
154763,
154864,
155067,
155168,
155270,
155371,
155574,
155675,
155776,
155878,
155979,
156080,
156182,
156384,
156486,
156688,
156790,
156891,
157094,
157195,
157297,
157499,
157803,
158006,
158107,
158209,
158310,
158411,
158513,
158614,
158715,
158817,
158918,
159020,
159222,
159628,
159830,
160033,
160337,
160540,
160742,
160945,
161249,
161452,
161655,
161857,
162060,
162263,
162364,
162465,
162668,
162972,
163074,
163276,
163378,
163580,
163783,
164087,
164290,
164492,
164695,
164898,
165101,
165303,
165405,
165506,
165709,
165911,
166215,
166520,
166722,
166925,
167128,
167330,
167533,
167837,
168040,
168242,
168445,
168749,
168851,
168952,
169155,
169459,
169560,
169763,
169864,
170067,
170472,
170675,
170776,
170979,
171182,
171384,
171688,
171891,
172297,
172702,
173107,
173513,
173918,
174324,
174729,
175134,
175540,
175945,
176351,
176756,
177161,
177567,
177972,
178378,
178783,
179188,
179594,
179999,
180405,
180810,
181215,
181621,
182026,
182432,
182837,
183242,
183648,
184053,
184459,

2 Column Long Note Times:
106215,
106317,
106418,
106520,
106621,
106722,
106824,
106925,
107026,
184864,

2 Column Release Times:
106283,
106384,
106486,
106587,
106688,
106790,
106891,
106992,
107077,
187297,

3 Column Hit Times:
3851,
5472,
7094,
8715,
10337,
11959,
13580,
15202,
16215,
16418,
16824,
17229,
17634,
18040,
18445,
18851,
19256,
19661,
20067,
20472,
20878,
21283,
21688,
22094,
22499,
22905,
23310,
23715,
24121,
24526,
24932,
25337,
25742,
26148,
26553,
26959,
27364,
27770,
28175,
28378,
28479,
28580,
28682,
28783,
28884,
28986,
29087,
29188,
29290,
29391,
29695,
29999,
30405,
30607,
30911,
31114,
31520,
31722,
31925,
32128,
32432,
32533,
32837,
33242,
33445,
33648,
33952,
34155,
34357,
34661,
34864,
34965,
35168,
35270,
35675,
35776,
35878,
36080,
36688,
36992,
37195,
37398,
37601,
37803,
38107,
38310,
38513,
38715,
38918,
39020,
39324,
39729,
39932,
40134,
40540,
40945,
41148,
41351,
41756,
41959,
42161,
42263,
42364,
42668,
42972,
43276,
43378,
43580,
43783,
43986,
44188,
44391,
44594,
44797,
44999,
45202,
45405,
45506,
45911,
46215,
46418,
46520,
46722,
46925,
47128,
47330,
47533,
47837,
48040,
48242,
48547,
48648,
48749,
49155,
49357,
49560,
49763,
50067,
50371,
50574,
50776,
50979,
51283,
51587,
51891,
51992,
52094,
52398,
52702,
52905,
53209,
53411,
53614,
53817,
54020,
54222,
54526,
54628,
54830,
55033,
55134,
55236,
55540,
55945,
58479,
59797,
61722,
62128,
62837,
63040,
64965,
65776,
66992,
67499,
67905,
68107,
68310,
68614,
71553,
71857,
74797,
75101,
78040,
78344,
81080,
81790,
82297,
82601,
84526,
85033,
85337,
87567,
87972,
88276,
88783,
89087,
94053,
94763,
95270,
95574,
96384,
96688,
98006,
99628,
99729,
100438,
101249,
101756,
102060,
102668,
103175,
103479,
103783,
103884,
103986,
104087,
104188,
104290,
104391,
104492,
104594,
104695,
104797,
104898,
104999,
105101,
105202,
105303,
105405,
105506,
105607,
105709,
105810,
105911,
106013,
106114,
107229,
107533,
107634,
107837,
108040,
108141,
108242,
108445,
108547,
108648,
108749,
108851,
108952,
109053,
109155,
109256,
109357,
109459,
109560,
109661,
109763,
109864,
109965,
110067,
110168,
110270,
110371,
110472,
110574,
110675,
110776,
110878,
110979,
111080,
111283,
111384,
111587,
111688,
111891,
111992,
112094,
112195,
112398,
112601,
112702,
112905,
113107,
113209,
113310,
113411,
113513,
113614,
113715,
113918,
114020,
114121,
114222,
114425,
114526,
114729,
114932,
115033,
115134,
115236,
115337,
115438,
115540,
115641,
115742,
115844,
115945,
116047,
116148,
116249,
116351,
116452,
116553,
116655,
116756,
116959,
117060,
117161,
117263,
117465,
117567,
117770,
117972,
118074,
118175,
118276,
118378,
118580,
118783,
118884,
119087,
119188,
119391,
119492,
119594,
119695,
119797,
119999,
120202,
120405,
120506,
120709,
120810,
121013,
121215,
121418,
121520,
121621,
121722,
121824,
121925,
122026,
122128,
122229,
122330,
122432,
122533,
122634,
122736,
122837,
122938,
123040,
123141,
123242,
123445,
123547,
123648,
123749,
123952,
124053,
124256,
124357,
124459,
124661,
124763,
124965,
125067,
125168,
125270,
125371,
125574,
125675,
125878,
126080,
126182,
126384,
126486,
126688,
126790,
126891,
126992,
127094,
127195,
127297,
127499,
127702,
127905,
128006,
128107,
128209,
128310,
128411,
128513,
128614,
128715,
128817,
128918,
129020,
129121,
129222,
129324,
129425,
129526,
129628,
129729,
129932,
130134,
130236,
130337,
130438,
130742,
130844,
130945,
131148,
131249,
131351,
131553,
131655,
131857,
131959,
132060,
132263,
132364,
132567,
132668,
132770,
132972,
133175,
133378,
133479,
133580,
133682,
133783,
133986,
134087,
134188,
134391,
134492,
134594,
134695,
134797,
134898,
134999,
135101,
135202,
135303,
135405,
135506,
135607,
135709,
135810,
135911,
136013,
136114,
136215,
136317,
136418,
136621,
136722,
136925,
137026,
137229,
137330,
137432,
137634,
137736,
137837,
137938,
138040,
138242,
138344,
138547,
138648,
138749,
138851,
139053,
139155,
139256,
139357,
139459,
139661,
139864,
139965,
140067,
140168,
140270,
140472,
140574,
140675,
140878,
140979,
141080,
141182,
141283,
141384,
141486,
141587,
141688,
141790,
141891,
141992,
142094,
142195,
142297,
142398,
142499,
142601,
142702,
142905,
143006,
143107,
143209,
143411,
143513,
143715,
143817,
143918,
144121,
144222,
144324,
144425,
144526,
144729,
144830,
145033,
145134,
145337,
145540,
145641,
145742,
145945,
146148,
146351,
146452,
146553,
146655,
146756,
146959,
147161,
147364,
147465,
147567,
147668,
147770,
147871,
147972,
148074,
148175,
148276,
148378,
148479,
148580,
148682,
148783,
148884,
148986,
149087,
149188,
149391,
149492,
149594,
149695,
149797,
149898,
149999,
150202,
150405,
150607,
150709,
150810,
151013,
151215,
151317,
151418,
151520,
151621,
151722,
151824,
152026,
152128,
152229,
152330,
152432,
152634,
152736,
152837,
152938,
153141,
153242,
153344,
153445,
153547,
153648,
153851,
153952,
154053,
154155,
154256,
154357,
154459,
154560,
154661,
154763,
154864,
154965,
155067,
155168,
155270,
155371,
155472,
155574,
155675,
155776,
155878,
155979,
156080,
156182,
156283,
156384,
156486,
156587,
156688,
156790,
156891,
156992,
157094,
157195,
157297,
157499,
157803,
158006,
158107,
158209,
158310,
158411,
158513,
158614,
158715,
158817,
158918,
159020,
159121,
159425,
159729,
159932,
160134,
160438,
160641,
160844,
161047,
161351,
161756,
161959,
162161,
162263,
162668,
162871,
163175,
163276,
163479,
163682,
163884,
164188,
164594,
164797,
164999,
165405,
165506,
165607,
165911,
166114,
166317,
166520,
166621,
166824,
167026,
167229,
167432,
167736,
167938,
168141,
168344,
168648,
168749,
169155,
169357,
169459,
169763,
169965,
170168,
170371,
170574,
170776,
171080,
171384,
171587,
171891,
172094,
172297,
172499,
172905,
173107,
173310,
173513,
173715,
173918,
174121,
174526,
174729,
174932,
175134,
175337,
175540,
175742,
176148,
176351,
176553,
176756,
176959,
177161,
177364,
177770,
177972,
178175,
178378,
178580,
178783,
178986,
179391,
179594,
179797,
179999,
180202,
180405,
180607,
181013,
181215,
181418,
181621,
181824,
182026,
182229,
182634,
182837,
183040,
183242,
183445,
183648,
183851,
184256,
184459,
184661,

3 Column Long Note Times:
106215,
106317,
106418,
106520,
106621,
106722,
106824,
106925,
107026,
184864,

3 Column Release Times:
106283,
106384,
106486,
106587,
106688,
106790,
106891,
106992,
107077,
187297,

4 Column Hit Times:
3445,
3547,
3851,
4155,
4357,
4661,
5067,
5168,
5472,
5776,
5979,
6283,
6688,
6790,
7094,
7398,
7601,
7905,
8310,
8411,
8715,
9020,
9222,
9526,
9932,
10033,
10337,
10641,
10844,
11148,
11553,
11655,
11959,
12263,
12465,
12770,
13175,
13276,
13580,
13884,
14087,
14391,
14797,
14898,
15202,
15506,
15709,
16215,
16418,
16520,
16824,
17128,
17330,
17634,
18040,
18141,
18445,
18749,
18952,
19256,
19661,
19763,
20067,
20371,
20574,
20878,
21283,
21384,
21688,
21992,
22195,
22499,
22905,
23006,
23310,
23614,
23817,
24121,
24526,
24628,
24932,
25236,
25438,
25742,
26148,
26249,
26553,
26857,
27060,
27364,
27770,
27871,
28175,
29188,
29594,
29797,
30101,
30303,
30607,
30810,
31013,
31114,
31418,
31722,
31925,
32229,
32432,
33040,
33344,
33547,
33851,
34053,
34256,
34357,
34661,
34965,
35168,
35472,
35675,
36283,
36486,
36587,
36790,
36891,
37094,
37297,
37499,
37601,
37905,
38209,
38411,
38614,
38715,
38918,
39526,
39830,
40033,
40337,
40742,
40844,
41148,
41452,
41655,
41857,
41959,
42161,
42567,
42770,
42972,
43074,
43276,
43580,
43986,
44087,
44391,
44797,
45202,
45405,
45810,
46013,
46215,
46317,
46520,
46824,
47026,
47229,
47330,
47634,
47938,
48141,
48445,
48648,
49053,
49256,
49459,
49560,
49763,
50067,
50270,
50472,
50574,
50878,
51182,
51384,
51688,
51891,
52297,
52499,
52702,
52803,
53006,
53310,
53513,
53715,
53817,
54121,
54526,
54628,
54830,
55033,
55134,
55641,
56351,
57161,
57972,
58378,
58580,
58783,
59594,
59898,
60405,
61215,
61418,
61621,
61824,
62026,
62736,
63648,
64459,
64864,
65067,
65270,
66080,
66283,
66384,
66891,
67297,
68006,
68107,
68310,
68513,
68715,
68918,
69121,
69324,
69526,
69729,
69932,
70134,
70337,
70540,
70742,
70945,
71148,
71351,
71553,
71756,
71959,
72161,
72364,
72567,
72770,
72972,
73175,
73378,
73580,
73783,
73986,
74188,
74391,
74594,
74797,
74999,
75202,
75405,
75607,
75810,
76013,
76215,
76418,
76621,
76824,
77026,
77229,
77432,
77634,
77837,
78040,
78242,
78445,
78648,
78851,
79053,
79256,
79459,
79661,
79864,
80067,
80270,
80472,
80675,
80878,
81080,
81283,
81587,
85134,
87770,
88074,
94053,
94256,
94560,
95878,
96486,
97499,
97803,
100742,
101047,
102364,
102871,
102972,
103986,
104290,
104492,
104797,
104999,
105202,
105303,
105405,
105506,
105607,
105709,
105810,
105911,
106013,
106114,
107128,
107229,
107330,
107432,
107533,
107634,
107736,
107837,
107938,
108040,
108141,
108242,
108344,
108445,
108547,
108648,
108851,
109053,
109155,
109357,
109459,
109661,
109763,
109864,
109965,
110168,
110270,
110472,
110776,
110979,
111080,
111182,
111283,
111486,
111688,
111790,
111891,
112094,
112297,
112398,
112601,
112702,
112905,
113006,
113209,
113411,
113513,
113614,
113715,
113817,
113918,
114020,
114121,
114222,
114324,
114425,
114526,
114628,
114729,
114830,
114932,
115033,
115134,
115337,
115540,
115641,
115844,
115945,
116148,
116351,
116452,
116756,
116959,
117263,
117465,
117567,
117668,
117770,
117871,
117972,
118175,
118276,
118378,
118580,
118783,
118884,
119087,
119290,
119391,
119594,
119797,
119898,
119999,
120101,
120202,
120303,
120405,
120506,
120607,
120709,
120810,
120911,
121013,
121114,
121215,
121317,
121418,
121520,
121621,
121824,
122026,
122128,
122330,
122432,
122634,
122938,
123040,
123141,
123445,
123749,
123851,
123952,
124155,
124256,
124459,
124560,
124661,
124763,
124864,
125067,
125270,
125371,
125472,
125574,
125675,
125878,
125979,
126182,
126384,
126486,
126587,
126688,
126790,
126891,
126992,
127094,
127195,
127297,
127398,
127499,
127601,
127702,
127803,
127905,
128006,
128107,
128310,
128513,
128715,
128817,
128918,
129121,
129324,
129425,
129628,
129729,
129932,
130236,
130438,
130540,
130641,
130742,
130945,
131148,
131249,
131351,
131452,
131553,
131756,
131857,
132060,
132161,
132263,
132364,
132465,
132567,
132668,
132770,
132871,
132972,
133074,
133175,
133276,
133378,
133479,
133580,
133682,
133783,
133884,
133986,
134087,
134188,
134290,
134391,
134492,
134594,
134797,
134999,
135101,
135303,
135405,
135607,
135810,
135911,
136013,
136114,
136215,
136418,
136520,
136621,
136722,
136925,
137026,
137128,
137229,
137432,
137533,
137634,
137736,
137837,
138040,
138141,
138242,
138344,
138445,
138547,
138648,
138851,
139053,
139155,
139357,
139459,
139560,
139661,
139763,
139864,
139965,
140067,
140168,
140270,
140371,
140472,
140574,
140675,
140776,
140878,
140979,
141080,
141283,
141486,
141587,
141790,
141891,
141992,
142094,
142297,
142398,
142499,
142601,
142702,
142803,
142905,
143107,
143209,
143513,
143614,
143715,
143918,
144121,
144222,
144324,
144526,
144628,
144729,
144830,
145033,
145134,
145236,
145337,
145540,
145742,
145844,
145945,
146047,
146148,
146249,
146351,
146452,
146553,
146655,
146756,
146857,
146959,
147060,
147161,
147263,
147364,
147465,
147567,
147770,
147972,
148074,
148276,
148378,
148580,
148783,
148884,
148986,
149087,
149188,
149391,
149594,
149695,
149898,
149999,
150101,
150202,
150405,
150506,
150607,
150709,
150810,
151013,
151215,
151317,
151520,
151621,
151824,
152026,
152128,
152330,
152432,
152533,
152634,
152736,
152837,
152938,
153040,
153141,
153242,
153344,
153445,
153547,
153648,
153749,
153851,
153952,
154053,
154256,
154357,
154459,
154560,
154763,
154864,
155067,
155270,
155371,
155574,
155675,
155878,
156080,
156182,
156384,
156486,
156587,
156688,
156891,
157094,
157195,
157297,
157499,
157803,
158006,
158107,
158209,
158310,
158411,
158513,
158614,
158715,
158817,
158918,
159324,
159526,
159729,
159830,
160033,
160236,
160337,
160742,
160844,
161148,
161452,
161655,
161959,
162161,
162567,
162770,
162972,
163074,
163276,
163580,
163986,
164087,
164391,
164695,
164898,
165202,
165405,
165810,
166013,
166317,
166520,
166824,
167229,
167330,
167634,
167938,
168141,
168445,
168648,
169053,
169256,
169560,
169763,
170067,
170270,
170472,
170574,
170878,
171080,
171182,
171384,
171486,
171688,
172094,
172195,
172499,
172803,
173006,
173310,
173715,
173817,
174121,
174425,
174628,
174932,
175337,
175438,
175742,
176047,
176249,
176553,
176959,
177060,
177364,
177668,
177871,
178175,
178580,
178682,
178986,
179290,
179492,
179797,
180202,
180303,
180607,
180911,
181114,
181418,
181824,
181925,
182229,
182533,
182736,
183040,
183445,
183547,
183851,
184155,
184357,
184661,

4 Column Long Note Times:
106215,
106317,
106418,
106520,
106621,
106722,
106824,
106925,
107026,
184864,

4 Column Release Times:
106283,
106384,
106486,
106587,
106688,
106790,
106891,
106992,
107077,
187297,

