1 Column Hit Times:
2101,
3513,
5278,
6690,
8454,
10219,
11984,
13396,
14807,
16219,
17278,
17631,
19749,
21513,
22925,
31219,
32631,
34043,
34925,
35454,
36866,
37396,
39160,
40749,
41278,
42513,
43925,
45866,
46572,
46925,
48513,
50101,
52396,
53013,
53543,
53984,
54425,
55043,
55396,
55749,
56013,
56454,
56807,
56984,
57425,
57866,
58572,
58925,
59278,
59984,
60513,
60866,
61219,
61660,
62278,
62807,
62984,
63425,
63690,
64043,
64219,
64660,
65101,
65896,
66337,
67396,
67925,
68454,
68807,
69072,
69513,
69866,
72954,
73484,
73837,
74454,
74807,
74984,
75160,
75337,
88484,
89013,
89631,
91749,
92366,
95896,
96513,
96690,
97307,
97572,
97837,
98454,
98984,
99425,
99866,
100219,
100837,
101278,
101807,
102337,
102866,
103572,
103925,
104454,
105160,
105513,
105866,
106484,
106925,
107190,
107631,
107896,
108160,
108513,
108690,
109043,
109749,
110101,
110454,
110631,
111160,
111954,
112219,
112572,
112925,
113631,
114160,
114778,
118219,
119631,
120690,
121043,
121749,
122101,
122454,
122984,
123425,
123866,
124572,
124925,
125454,
126072,
126337,
126690,
127043,
127660,
128101,
128454,
128896,
129160,
129513,
130219,
130484,
130925,
131543,
131807,
132337,
132778,
133043,
133396,
133749,
134101,
134807,
135160,
135337,
136131,
136572,
137013,
137366,
137631,
137984,
138690,
139043,
139572,
140366,
140807,
141072,
141513,
141866,
142219,
142572,
142837,
143101,
143631,
144072,
144337,
145043,
145749,
146101,
146454,
147160,
147337,
147690,
148219,
148749,
149278,
149631,
149807,
150249,
150690,
151219,
151484,
152101,
152543,
152984,
153601,
153866,
154131,
154396,
154572,
155101,
155984,
156513,
157043,
157396,
157749,
158278,
158543,
158807,
159160,
159690,
160131,
160572,
161013,
161631,
161984,
162337,
163043,
163396,
163749,
165160,
165337,
165513,
165690,
165866,
166572,
166925,
167454,
167896,
168337,
169219,
169749,
170278,
170807,
172396,
172572,
172925,
173454,
173984,
174337,
174513,
174690,
175043,
175572,
176101,
176454,
176807,
177160,
177866,
178837,
179101,
179190,
179631,
179984,
180513,
180954,
181396,
182013,
182543,
182984,
183513,
184043,
184572,
185278,
185631,
185807,
186337,
186690,
187131,
187749,
188454,
192337,
192690,

1 Column Long Note Times:
24690,
51337,
70572,
72337,
75513,
76925,
79219,
79749,
81337,
83984,
85572,
85925,
87866,
89984,
90690,
92984,
115043,
139925,
168513,
171513,

1 Column Release Times:
30337,
51513,
70837,
72601,
75866,
78337,
79396,
81160,
82925,
85043,
85749,
86454,
88219,
90160,
91043,
95278,
117866,
140101,
168690,
171866,

2 Column Hit Times:
2807,
4572,
5631,
7043,
9160,
10572,
11631,
13043,
13749,
15160,
17984,
19043,
20807,
21866,
22572,
23984,
25396,
26454,
27160,
28219,
29278,
30337,
32101,
33160,
35984,
37219,
39690,
40219,
40925,
41984,
43043,
44454,
46396,
47278,
48160,
48690,
49925,
53101,
53454,
53631,
54072,
54513,
54866,
55572,
55925,
56101,
56366,
57337,
57513,
57690,
58043,
58396,
58660,
58837,
59190,
59807,
60072,
60425,
60601,
61043,
61396,
61572,
61925,
62101,
62896,
63072,
63337,
63513,
64043,
64307,
64749,
65454,
65807,
65984,
66249,
66690,
67043,
67219,
67484,
67749,
68543,
68984,
69160,
69690,
72866,
73043,
73396,
73572,
73925,
74101,
74366,
74807,
74984,
75160,
75337,
75513,
79925,
80807,
80984,
84513,
88396,
88572,
88925,
89101,
89631,
91307,
92278,
92454,
93160,
93513,
93866,
94396,
94660,
95807,
95984,
96337,
96601,
96866,
97219,
97396,
97749,
97925,
98101,
98454,
98807,
98984,
99337,
99513,
99866,
100307,
100572,
100925,
101454,
101984,
102160,
102690,
102954,
103131,
103484,
103660,
104101,
104366,
104543,
105072,
105690,
105954,
106396,
106572,
106925,
107366,
107719,
107984,
108337,
108866,
109219,
109396,
109749,
110190,
110543,
110984,
111337,
111866,
112043,
112396,
112837,
113013,
113631,
113984,
114249,
114601,
114866,
116101,
116631,
116984,
117160,
117513,
117690,
118572,
119984,
120866,
121219,
121572,
121837,
122278,
122896,
123337,
123513,
124043,
124219,
124660,
124837,
125278,
125543,
125719,
126160,
126513,
127131,
127749,
128278,
128543,
128807,
129160,
129866,
130307,
130572,
130837,
131013,
131454,
131719,
131896,
132160,
132690,
132866,
133131,
133572,
134013,
134190,
134719,
135160,
135425,
135601,
135866,
136043,
136219,
136572,
136925,
137101,
137278,
137454,
137807,
138337,
138778,
139043,
139396,
139749,
140278,
140454,
140807,
140984,
141160,
141337,
141601,
141778,
142131,
142307,
142660,
142925,
143278,
143631,
143984,
144425,
144601,
144866,
145219,
145396,
146013,
146278,
146631,
146807,
147249,
147866,
148131,
148307,
148660,
148837,
149101,
149543,
149719,
150160,
150337,
150690,
151043,
151396,
151660,
152101,
152454,
153072,
153513,
153690,
153954,
154219,
154396,
154572,
154925,
155190,
155454,
155807,
156160,
156601,
156778,
157131,
157396,
157925,
158454,
158631,
158984,
159337,
159778,
160043,
160219,
160749,
161101,
161454,
161807,
162425,
162954,
163219,
163749,
164101,
164278,
164454,
164631,
164807,
164984,
165160,
165337,
165513,
165690,
165866,
166219,
166837,
167013,
167719,
167984,
169396,
169660,
169925,
170454,
170984,
171337,
172484,
172660,
173278,
173454,
173631,
173896,
174072,
175131,
175484,
175660,
176013,
176278,
176543,
176719,
176984,
177337,
177690,
178043,
178572,
178749,
179101,
179543,
179984,
180337,
180866,
181043,
181749,
181925,
182101,
182454,
182631,
182807,
183160,
183513,
183690,
183954,
184396,
184749,
184925,
185190,
185366,
185631,
185807,
185984,
186425,
186601,
187043,
187219,
187660,
187925,
188278,
188807,
189160,
189513,
189866,

2 Column Long Note Times:
51513,
71278,
76396,
78866,
80278,
83454,
85749,
86278,
87513,
90337,
91572,
95278,
115396,
168690,
171866,

2 Column Release Times:
52925,
71543,
76925,
78954,
80631,
83984,
85925,
86454,
87866,
90513,
92101,
95454,
115925,
168866,
172219,

3 Column Hit Times:
2454,
3866,
4925,
6337,
7396,
8101,
9513,
11278,
12690,
14454,
15866,
16925,
18690,
20101,
21160,
22219,
23631,
24337,
25749,
26807,
27866,
28925,
29984,
30690,
31572,
32984,
33513,
34396,
35101,
35631,
36337,
37749,
38807,
40043,
41631,
43396,
44278,
44807,
45690,
47631,
49043,
50454,
51866,
53190,
53366,
53807,
54160,
54337,
54601,
55219,
55572,
55837,
56278,
56631,
57249,
57601,
57778,
58219,
58749,
59101,
59631,
60160,
60337,
60690,
61219,
61484,
61837,
62013,
62454,
62807,
63249,
63513,
63866,
64396,
64572,
64837,
65278,
65719,
66160,
66866,
67131,
67572,
68278,
68631,
68896,
69513,
69866,
72778,
73131,
73307,
73660,
74013,
74278,
74631,
74896,
75072,
75249,
75425,
80101,
80543,
80807,
81160,
83984,
91219,
91396,
91925,
92190,
93337,
94043,
94219,
94572,
94749,
95101,
95719,
96072,
96866,
97484,
97660,
98013,
98278,
98719,
98896,
99249,
99690,
100131,
100396,
100660,
100925,
101278,
101543,
101719,
102072,
102249,
102690,
103043,
103219,
103396,
103749,
104278,
104807,
104984,
105337,
105778,
106043,
106307,
106749,
107278,
107807,
109572,
110013,
110278,
110807,
111160,
111425,
111601,
112131,
112749,
113101,
113366,
113543,
113984,
114337,
114513,
114690,
114954,
115219,
115572,
118925,
120337,
121307,
121484,
121925,
122101,
122631,
122807,
123249,
123690,
124131,
124307,
124749,
125101,
125631,
125807,
125984,
126249,
126690,
126954,
127219,
127484,
127749,
128101,
128366,
128631,
129072,
129337,
129778,
130043,
130396,
131101,
131366,
131631,
131807,
131984,
132337,
132601,
133219,
133396,
133925,
134454,
134631,
134984,
135513,
135690,
135954,
136396,
136837,
137190,
137543,
137984,
138249,
138425,
138954,
139219,
139660,
139837,
140631,
141249,
141690,
142043,
142396,
142749,
143101,
143454,
143896,
144513,
144690,
145307,
145572,
145925,
146454,
146719,
146896,
147513,
148043,
148396,
148572,
148925,
149454,
150072,
150513,
150866,
151131,
151572,
151925,
152366,
152631,
152896,
153160,
153425,
154043,
154307,
154484,
154749,
155366,
155719,
155896,
156337,
156690,
156866,
157219,
157572,
158013,
158190,
158719,
158984,
159425,
159601,
159954,
160396,
160837,
161366,
161631,
161984,
162249,
162513,
162866,
163043,
163572,
164190,
164366,
164543,
164719,
164896,
165072,
165249,
165425,
165601,
165778,
166749,
167101,
167454,
167631,
167807,
167984,
168337,
168866,
169043,
169572,
169837,
170454,
170807,
171337,
171866,
172219,
172749,
173101,
173807,
174337,
174513,
174690,
175219,
175396,
175572,
175749,
175925,
176190,
176366,
176631,
176984,
177513,
177866,
178131,
178307,
178660,
178925,
179454,
179807,
180160,
180690,
181219,
181572,
181837,
182190,
182366,
182719,
183160,
183601,
183866,
184396,
184925,
185101,
185454,
186337,
186513,
186778,
186954,
187396,
187572,
188101,
188454,
190219,
190572,
190925,
191278,

3 Column Long Note Times:
70219,
71631,
75866,
78337,
82925,
85131,
85396,
86101,
86807,
90160,
92807,
108160,
108513,
108866,
115925,

3 Column Release Times:
70484,
71896,
76396,
79749,
83454,
85219,
85572,
86278,
89631,
90337,
92984,
108337,
108690,
109043,
117866,

4 Column Hit Times:
3160,
4219,
5984,
7749,
8807,
9866,
10925,
12337,
13396,
14101,
15513,
16572,
18337,
19396,
20454,
23278,
25043,
26101,
27513,
28572,
29631,
30337,
31749,
32631,
34572,
35278,
35984,
38278,
40572,
41101,
41631,
42866,
45337,
46219,
46749,
47278,
49572,
50984,
52925,
53278,
53631,
54249,
54690,
55396,
55749,
56190,
56543,
57160,
57866,
58572,
59013,
59454,
60249,
60690,
61043,
61396,
61749,
62101,
62631,
63160,
63866,
64219,
64484,
64925,
65631,
66072,
66513,
67307,
67660,
68101,
68454,
68719,
69337,
69690,
72690,
73219,
73749,
74190,
74543,
74719,
74896,
75072,
75249,
75425,
80013,
80454,
80631,
80984,
83984,
84513,
88749,
89278,
89454,
91837,
92101,
93690,
94131,
94925,
95278,
95631,
96160,
96690,
97043,
97572,
98101,
98631,
99160,
99513,
100043,
100749,
101101,
101631,
101807,
102513,
103307,
103749,
104101,
104631,
104896,
105160,
105513,
106219,
106572,
107101,
107454,
109925,
110719,
111513,
111690,
112219,
112572,
113278,
113454,
113807,
114425,
115043,
115396,
115749,
116278,
116454,
116807,
117337,
117866,
119278,
120690,
121043,
121396,
122013,
122454,
122719,
123160,
123513,
123866,
124396,
124925,
125278,
125896,
126337,
126866,
127396,
127572,
127925,
128984,
129513,
129690,
129954,
130749,
131278,
131984,
132513,
133307,
133749,
134278,
134543,
134807,
136219,
136749,
137631,
138160,
138513,
138866,
139396,
139925,
143278,
143807,
144160,
144690,
145043,
145484,
145837,
146101,
146984,
147425,
147866,
148484,
148925,
149278,
149984,
150337,
150954,
151749,
152278,
152807,
153337,
154925,
155278,
155631,
155984,
156337,
157307,
157749,
158101,
158807,
159160,
159513,
159866,
160219,
160572,
160925,
161278,
161543,
162160,
163396,
163925,
165249,
165425,
165601,
165778,
166219,
166572,
167101,
167807,
168160,
168954,
169396,
170278,
170984,
171513,
172219,
173101,
173631,
174160,
175043,
175307,
175837,
176101,
176807,
177160,
177513,
178219,
178925,
179278,
179719,
180337,
180690,
181131,
181749,
182278,
182807,
183337,
183778,
184043,
184572,
185013,
186866,
187307,
187484,
191631,
191984,

4 Column Long Note Times:
69866,
70925,
71984,
78337,
79396,
81160,
85043,
85396,
86454,
88219,
89631,
90513,
91043,
92454,
107984,
108337,
108690,
109043,
140454,
140984,
141513,
142043,
142572,
162513,
178396,
185984,

4 Column Release Times:
70131,
71190,
72249,
78425,
79572,
82925,
85131,
85925,
86807,
88396,
89984,
90690,
91572,
92807,
108160,
108513,
108866,
109396,
140807,
141337,
141866,
142396,
142925,
162866,
178572,
186337,

