Artist : ueotan
Song Name : Mario Paint (Time Regression Mix for BMS)
Difficulty : 0
BPM : 155
Background Image : charts\ueotan-Mario Paint (Time Regression Mix for BMS)\#bga.png
Audio : charts\ueotan-Mario Paint (Time Regression Mix for BMS)\#0D_D-ANOTHER.mp3

1 Column Hit Times:
1543,
1930,
2317,
2704,
3091,
3478,
3866,
4253,
4640,
5027,
5414,
5801,
6188,
6575,
6962,
7349,
7543,
7640,
7736,
8511,
9285,
10059,
10640,
10833,
11607,
12382,
12769,
13059,
13156,
13349,
13930,
14027,
14156,
14285,
14414,
14543,
14672,
14801,
14930,
15091,
15220,
15349,
15478,
15607,
15736,
15866,
15995,
16124,
16220,
16382,
16575,
16672,
16769,
16866,
16962,
17091,
17220,
17349,
17478,
17575,
17704,
17833,
17962,
18091,
18220,
18349,
18478,
18575,
18704,
18801,
18930,
19091,
19188,
19317,
19446,
19575,
19704,
19898,
19978,
20075,
20188,
20317,
20446,
20543,
20672,
20801,
20962,
21091,
21220,
21349,
21478,
21607,
21769,
21898,
21995,
22091,
22220,
22382,
22478,
22607,
22704,
22801,
22995,
23091,
23188,
23317,
23446,
23640,
23736,
23866,
23962,
24059,
24188,
24349,
24446,
24575,
24704,
24866,
25027,
25156,
25253,
25414,
25543,
25672,
25801,
25898,
25995,
26124,
26220,
26317,
26414,
26511,
26640,
26736,
26833,
26962,
27091,
27220,
27382,
27511,
27640,
27736,
27866,
27995,
28124,
28253,
28382,
28511,
28640,
28769,
28898,
28995,
29156,
29349,
29511,
29640,
29769,
29898,
30027,
30156,
30285,
30414,
30543,
30640,
30736,
30833,
30962,
31124,
31220,
31382,
31478,
31640,
31769,
31898,
32059,
32188,
32317,
32414,
32543,
32704,
32801,
32962,
33091,
33188,
33317,
33414,
33543,
33704,
33833,
33995,
34156,
34285,
34382,
34543,
34704,
34833,
34930,
35027,
35156,
35285,
35382,
35478,
35607,
35736,
35833,
35962,
36091,
36253,
36382,
36478,
36607,
36769,
36898,
37027,
37124,
37317,
37511,
37704,
37898,
38091,
38285,
38414,
38511,
38607,
38801,
39188,
39285,
39382,
39575,
39962,
40059,
40156,
40349,
40736,
40833,
40930,
41124,
41253,
41382,
41478,
41575,
41672,
41866,
41962,
42091,
42253,
42382,
42511,
42640,
42736,
42898,
43059,
43220,
43382,
43511,
43607,
43704,
43801,
43930,
44059,
44156,
44285,
44478,
44607,
44704,
44801,
44995,
45382,
45478,
45575,
45769,
46156,
46253,
46349,
46543,
46930,
47027,
47124,
47317,
47511,
47801,
47930,
48091,
48253,
48382,
48511,
48736,
48833,
48962,
49124,
49253,
49349,
49736,
50511,
50801,
50930,
51059,
51220,
51317,
51414,
51543,
51704,
51833,
51930,
52059,
52188,
52317,
52446,
52640,
53124,
53220,
53317,
53801,
53995,
54091,
54188,
54317,
54414,
54543,
54672,
54801,
54898,
55027,
55124,
55220,
55349,
55446,
55575,
55704,
55801,
55930,
56059,
56156,
56285,
56414,
56543,
56704,
56833,
56962,
57059,
57156,
57317,
57446,
57575,
57736,
57866,
57995,
58091,
58220,
58317,
58446,
58640,
58801,
58898,
59027,
59188,
59285,
59446,
59543,
59704,
59833,
59962,
60091,
60220,
60349,
60511,
60640,
60769,
60866,
61027,
61156,
61349,
61478,
61607,
61736,
61833,
61962,
62059,
62188,
62317,
62446,
62543,
62640,
62833,
62962,
63124,
63220,
63382,
63543,
63672,
63769,
63930,
64027,
64156,
64285,
64414,
64575,
64672,
64833,
64962,
65091,
65285,
65478,
65672,
65866,
66059,
66188,
66317,
66414,
66575,
66704,
66962,
67091,
67188,
67349,
67478,
67736,
67866,
67962,
68124,
68253,
68511,
68640,
68736,
68898,
69027,
69188,
69382,
69478,
69640,
69769,
69930,
70059,
70156,
70317,
70478,
70640,
70736,
70866,
70962,
71059,
71156,
71285,
71414,
71543,
71736,
71866,
71995,
72091,
72253,
72382,
72511,
72607,
72769,
72898,
73156,
73285,
73382,
73543,
73672,
73930,
74059,
74156,
74317,
74446,
74704,
74833,
74930,
75091,
75220,
75317,
75414,
75704,
75833,
75930,
76027,
76156,
76317,
76446,
76543,
76640,
76801,
76898,
77027,
77188,
77414,
77801,
78188,
78607,
78704,
78866,
78962,
79059,
79220,
79349,
79478,
79640,
79736,
79898,
79995,
80124,
80285,
80511,
80898,
81285,
81478,
81575,
81866,
82027,
82156,
82317,
82478,
82607,
82736,
82866,
83027,
83156,
83317,
83414,
83607,
83801,
84382,
84801,
84930,
85059,
85156,
85285,
85382,
85511,
85607,
85736,
85930,
86059,
86156,
86349,
86511,
87091,
87478,
87866,
88059,
88156,
88253,

1 Column Long Note Times:

1 Column Release Times:

2 Column Hit Times:
1736,
2124,
2511,
2898,
3285,
3672,
4059,
4446,
4833,
5220,
5414,
5607,
5995,
6382,
6769,
6962,
7349,
7543,
7640,
7736,
8511,
9285,
10059,
10640,
10833,
11607,
12382,
12769,
13059,
13156,
13349,
13930,
14059,
14188,
14317,
14446,
14575,
14704,
14833,
14962,
15059,
15188,
15317,
15446,
15543,
15672,
15833,
15930,
16091,
16253,
16349,
16478,
16640,
16736,
16833,
17059,
17156,
17285,
17382,
17511,
17640,
17801,
17898,
18059,
18188,
18285,
18446,
18607,
18736,
18866,
19027,
19124,
19285,
19382,
19543,
19640,
19769,
19866,
19978,
20075,
20156,
20285,
20414,
20575,
20704,
20833,
20930,
21059,
21188,
21317,
21446,
21575,
21704,
21833,
21962,
22156,
22253,
22349,
22511,
22640,
22736,
22898,
23124,
23220,
23382,
23511,
23607,
23801,
23930,
24124,
24220,
24317,
24511,
24607,
24736,
24833,
24962,
25091,
25188,
25349,
25446,
25607,
25736,
25833,
25930,
26027,
26124,
26220,
26317,
26446,
26543,
26672,
26801,
26930,
27027,
27156,
27253,
27349,
27478,
27575,
27704,
27833,
27930,
28059,
28188,
28285,
28414,
28543,
28672,
28833,
28962,
29091,
29188,
29285,
29446,
29575,
29704,
29866,
29995,
30124,
30220,
30349,
30446,
30575,
30769,
30930,
31027,
31156,
31317,
31414,
31575,
31672,
31833,
31962,
32091,
32220,
32349,
32478,
32640,
32769,
32898,
32995,
33156,
33285,
33478,
33607,
33736,
33866,
33962,
34091,
34188,
34317,
34446,
34575,
34672,
34769,
34962,
35091,
35253,
35349,
35511,
35672,
35801,
35898,
36059,
36156,
36285,
36414,
36543,
36704,
36801,
36962,
37091,
37220,
37414,
37607,
37801,
37995,
38188,
38317,
38446,
38543,
38704,
38833,
39091,
39220,
39317,
39478,
39607,
39866,
39995,
40091,
40253,
40382,
40640,
40769,
40866,
41027,
41156,
41317,
41511,
41607,
41769,
41898,
42059,
42188,
42285,
42446,
42607,
42769,
42866,
42995,
43091,
43188,
43285,
43414,
43543,
43672,
43866,
43995,
44124,
44220,
44382,
44511,
44640,
44736,
44898,
45027,
45285,
45414,
45511,
45672,
45801,
46059,
46188,
46285,
46446,
46575,
46833,
46962,
47059,
47220,
47349,
47446,
47543,
47833,
47962,
48059,
48156,
48285,
48446,
48575,
48672,
48769,
48930,
49027,
49156,
49317,
49543,
49930,
50317,
50736,
50833,
50995,
51091,
51188,
51349,
51478,
51607,
51769,
51866,
52027,
52124,
52253,
52414,
52640,
53027,
53414,
53801,
53995,
54091,
54188,
54285,
54382,
54511,
54607,
54704,
54833,
54962,
55091,
55253,
55382,
55511,
55607,
55736,
55866,
55995,
56124,
56253,
56382,
56511,
56640,
56769,
56866,
57027,
57220,
57382,
57511,
57640,
57769,
57898,
58027,
58156,
58285,
58414,
58511,
58607,
58704,
58833,
58995,
59091,
59253,
59349,
59511,
59640,
59769,
59930,
60059,
60188,
60285,
60414,
60575,
60672,
60833,
60962,
61059,
61188,
61285,
61414,
61575,
61704,
61866,
62027,
62156,
62253,
62414,
62575,
62704,
62801,
62898,
63027,
63156,
63253,
63349,
63478,
63607,
63704,
63833,
63962,
64124,
64253,
64349,
64478,
64640,
64769,
64898,
64995,
65188,
65382,
65575,
65769,
65962,
66156,
66285,
66382,
66478,
66672,
67059,
67156,
67253,
67446,
67833,
67930,
68027,
68220,
68607,
68704,
68801,
68995,
69124,
69253,
69349,
69446,
69543,
69736,
69833,
69962,
70124,
70253,
70382,
70511,
70607,
70769,
70930,
71091,
71253,
71382,
71478,
71575,
71672,
71801,
71930,
72027,
72156,
72349,
72478,
72575,
72672,
72866,
73253,
73349,
73446,
73640,
74027,
74124,
74220,
74414,
74801,
74898,
74995,
75188,
75382,
75672,
75801,
75962,
76124,
76253,
76382,
76607,
76704,
76833,
76995,
77124,
77220,
77607,
78382,
78672,
78801,
78930,
79091,
79188,
79285,
79414,
79575,
79704,
79801,
79930,
80059,
80188,
80317,
80866,
81091,
81188,
81503,
81599,
81898,
81995,
82091,
82253,
82349,
82446,
82543,
82704,
82801,
82930,
83091,
83188,
83285,
83382,
83607,
83995,
84382,
84769,
84866,
85027,
85220,
85317,
85478,
85672,
85769,
85866,
85995,
86091,
86220,
86317,
86446,
86704,
87478,
87866,
88059,
88156,
88253,

2 Column Long Note Times:

2 Column Release Times:

3 Column Hit Times:
1543,
1930,
2317,
3091,
3478,
3866,
4640,
5027,
5414,
5801,
6188,
6382,
6962,
7156,
7253,
7349,
7591,
7688,
8124,
8898,
9672,
10446,
11220,
11995,
12382,
12769,
13059,
13156,
13349,
13962,
14091,
14220,
14382,
14511,
14640,
14736,
14866,
14995,
15124,
15253,
15382,
15511,
15640,
15769,
15962,
16059,
16156,
16317,
16446,
16543,
16704,
16930,
17027,
17188,
17317,
17414,
17607,
17736,
17930,
18027,
18124,
18317,
18414,
18543,
18640,
18769,
18898,
18995,
19156,
19253,
19414,
19511,
19607,
19736,
19833,
19930,
20027,
20124,
20253,
20382,
20511,
20640,
20769,
20898,
21027,
21156,
21253,
21382,
21511,
21640,
21736,
21866,
22027,
22124,
22285,
22446,
22543,
22672,
22833,
22930,
23027,
23253,
23349,
23478,
23575,
23704,
23833,
23995,
24091,
24253,
24382,
24478,
24640,
24801,
24930,
25059,
25220,
25317,
25478,
25575,
25704,
25866,
25962,
26059,
26172,
26269,
26382,
26478,
26607,
26769,
26898,
27059,
27188,
27317,
27414,
27607,
27801,
27962,
28091,
28220,
28349,
28478,
28607,
28704,
28801,
28930,
29027,
29124,
29253,
29382,
29478,
29607,
29736,
29833,
29962,
30091,
30253,
30382,
30511,
30672,
30801,
30898,
31059,
31188,
31285,
31446,
31543,
31704,
31801,
31930,
32027,
32124,
32285,
32382,
32511,
32607,
32736,
32866,
33027,
33124,
33253,
33349,
33446,
33575,
33672,
33769,
33930,
34059,
34220,
34349,
34478,
34607,
34801,
34898,
34995,
35124,
35220,
35414,
35543,
35640,
35769,
35930,
36027,
36124,
36220,
36317,
36446,
36575,
36672,
36833,
36930,
37059,
37188,
37285,
37382,
37478,
37575,
37672,
37769,
37866,
37962,
38059,
38156,
38253,
38349,
38478,
38640,
38736,
38866,
39124,
39253,
39414,
39511,
39640,
39898,
40027,
40188,
40285,
40414,
40672,
40801,
40962,
41059,
41188,
41285,
41414,
41543,
41704,
41801,
41930,
42027,
42156,
42317,
42414,
42543,
42672,
42833,
42930,
43027,
43156,
43253,
43349,
43446,
43575,
43736,
43833,
43962,
44091,
44253,
44349,
44446,
44543,
44672,
44833,
44930,
45059,
45317,
45446,
45607,
45704,
45833,
46091,
46220,
46382,
46478,
46607,
46866,
46995,
47156,
47253,
47382,
47478,
47575,
47866,
47995,
48124,
48220,
48317,
48414,
48543,
48640,
48801,
48898,
49059,
49188,
49285,
49543,
49930,
50317,
50769,
50866,
50962,
51124,
51285,
51446,
51575,
51672,
51801,
51898,
51995,
52156,
52285,
52382,
52640,
53027,
53414,
53607,
53704,
53801,
54043,
54140,
54220,
54349,
54478,
54575,
54736,
54866,
54995,
55156,
55317,
55414,
55543,
55640,
55769,
55898,
56027,
56188,
56317,
56446,
56607,
56736,
56930,
57091,
57188,
57285,
57414,
57543,
57672,
57801,
57930,
58059,
58188,
58349,
58478,
58575,
58736,
58866,
58962,
59124,
59220,
59382,
59478,
59607,
59736,
59866,
60027,
60124,
60317,
60446,
60543,
60704,
60801,
60930,
61091,
61253,
61382,
61511,
61672,
61769,
61898,
61995,
62124,
62285,
62382,
62511,
62607,
62736,
62930,
63059,
63188,
63317,
63446,
63575,
63736,
63866,
64059,
64220,
64382,
64511,
64607,
64736,
64866,
65027,
65124,
65220,
65317,
65414,
65511,
65607,
65704,
65801,
65898,
65995,
66091,
66253,
66446,
66543,
66640,
66769,
67027,
67220,
67317,
67414,
67543,
67801,
67995,
68091,
68188,
68317,
68575,
68769,
68866,
68962,
69091,
69220,
69317,
69511,
69607,
69704,
69866,
69995,
70091,
70220,
70349,
70446,
70575,
70672,
70833,
70995,
71188,
71349,
71511,
71640,
71769,
71898,
72059,
72188,
72285,
72446,
72640,
72736,
72833,
72962,
73220,
73414,
73511,
73607,
73736,
73995,
74188,
74285,
74382,
74511,
74769,
74962,
75059,
75156,
75285,
75769,
75898,
76059,
76220,
76349,
76478,
76575,
76736,
76866,
76962,
77091,
77220,
77995,
78575,
78769,
78898,
79027,
79124,
79253,
79382,
79511,
79607,
79833,
79962,
80091,
80220,
80317,
81091,
81527,
81624,
81930,
82124,
82220,
82382,
82575,
82672,
82769,
82898,
82995,
83124,
83220,
83349,
83607,
83995,
84382,
84898,
84995,
85091,
85188,
85349,
85446,
85543,
85640,
85801,
85898,
86027,
86188,
86285,
86382,
86478,
86704,
87091,
87285,
87382,
87478,
87866,
88107,
88204,

3 Column Long Note Times:

3 Column Release Times:

4 Column Hit Times:
1543,
2317,
2704,
3091,
3866,
4253,
4640,
5220,
5607,
5995,
6188,
6575,
6962,
7156,
7253,
7349,
7591,
7688,
8124,
8898,
9672,
10446,
11220,
11995,
12382,
12769,
13059,
13156,
13349,
13995,
14124,
14253,
14349,
14478,
14607,
14769,
14898,
15027,
15156,
15285,
15414,
15575,
15704,
15801,
15898,
16027,
16188,
16285,
16414,
16511,
16607,
16801,
16898,
16995,
17124,
17253,
17446,
17543,
17672,
17769,
17866,
17995,
18156,
18253,
18382,
18511,
18672,
18833,
18962,
19059,
19220,
19349,
19478,
19672,
19801,
19930,
20027,
20124,
20220,
20349,
20478,
20607,
20736,
20866,
20995,
21124,
21285,
21414,
21543,
21672,
21801,
21930,
22059,
22188,
22317,
22414,
22575,
22769,
22866,
22962,
23059,
23156,
23285,
23414,
23543,
23672,
23769,
23898,
24027,
24156,
24285,
24414,
24543,
24672,
24769,
24898,
24995,
25124,
25285,
25382,
25511,
25640,
25769,
25930,
26091,
26172,
26269,
26349,
26575,
26704,
26866,
26995,
27124,
27285,
27446,
27543,
27672,
27769,
27898,
28027,
28156,
28317,
28446,
28575,
28736,
28866,
29059,
29220,
29317,
29414,
29543,
29672,
29801,
29930,
30059,
30188,
30317,
30478,
30607,
30704,
30866,
30995,
31091,
31253,
31349,
31511,
31607,
31736,
31866,
31995,
32156,
32253,
32446,
32575,
32672,
32833,
32930,
33059,
33220,
33382,
33511,
33640,
33801,
33898,
34027,
34124,
34253,
34414,
34511,
34640,
34736,
34866,
35059,
35188,
35317,
35446,
35575,
35704,
35866,
35995,
36188,
36349,
36511,
36640,
36736,
36866,
36995,
37156,
37253,
37349,
37446,
37543,
37640,
37736,
37833,
37930,
38027,
38124,
38220,
38382,
38575,
38672,
38769,
38898,
39156,
39349,
39446,
39543,
39672,
39930,
40124,
40220,
40317,
40446,
40704,
40898,
40995,
41091,
41220,
41349,
41446,
41640,
41736,
41833,
41995,
42124,
42220,
42349,
42478,
42575,
42704,
42801,
42962,
43124,
43317,
43478,
43640,
43769,
43898,
44027,
44188,
44317,
44414,
44575,
44769,
44866,
44962,
45091,
45349,
45543,
45640,
45736,
45866,
46124,
46317,
46414,
46511,
46640,
46898,
47091,
47188,
47285,
47414,
47898,
48027,
48188,
48349,
48478,
48607,
48704,
48866,
48995,
49091,
49220,
49349,
50124,
50704,
50898,
51027,
51156,
51253,
51382,
51511,
51640,
51736,
51962,
52091,
52220,
52349,
52446,
53027,
53414,
53607,
53704,
53801,
54043,
54140,
54253,
54446,
54640,
54769,
54930,
55059,
55188,
55285,
55478,
55672,
55833,
55962,
56091,
56220,
56349,
56478,
56575,
56672,
56801,
56898,
56995,
57124,
57253,
57349,
57478,
57607,
57704,
57833,
57962,
58124,
58253,
58382,
58543,
58672,
58769,
58930,
59059,
59156,
59317,
59414,
59575,
59672,
59801,
59898,
59995,
60156,
60253,
60382,
60478,
60607,
60736,
60898,
60995,
61124,
61220,
61317,
61446,
61543,
61640,
61801,
61930,
62091,
62220,
62349,
62478,
62672,
62769,
62866,
62995,
63091,
63285,
63414,
63511,
63640,
63801,
63898,
63995,
64091,
64188,
64317,
64446,
64543,
64704,
64801,
64930,
65059,
65156,
65253,
65349,
65446,
65543,
65640,
65736,
65833,
65930,
66027,
66124,
66220,
66349,
66511,
66607,
66736,
66995,
67124,
67285,
67382,
67511,
67769,
67898,
68059,
68156,
68285,
68543,
68672,
68833,
68930,
69059,
69156,
69285,
69414,
69575,
69672,
69801,
69898,
70027,
70188,
70285,
70414,
70543,
70704,
70801,
70898,
71027,
71124,
71220,
71317,
71446,
71607,
71704,
71833,
71962,
72124,
72220,
72317,
72414,
72543,
72704,
72801,
72930,
73188,
73317,
73478,
73575,
73704,
73962,
74091,
74253,
74349,
74478,
74736,
74866,
75027,
75124,
75253,
75349,
75446,
75736,
75866,
75995,
76091,
76188,
76285,
76414,
76511,
76672,
76769,
76930,
77059,
77156,
77414,
77801,
78188,
78640,
78736,
78833,
78995,
79156,
79317,
79446,
79543,
79672,
79769,
79866,
80027,
80156,
80253,
80511,
80898,
81285,
81551,
81648,
81962,
82059,
82188,
82285,
82414,
82511,
82640,
82833,
82962,
83059,
83253,
83414,
83995,
84188,
84478,
84575,
84833,
84962,
85124,
85253,
85414,
85575,
85704,
85833,
85962,
86124,
86253,
86414,
86511,
87091,
87285,
87382,
87478,
87866,
88107,
88204,

4 Column Long Note Times:

4 Column Release Times:

