Artist : DETRO
Song Name : Hurricanic
Difficulty : 0
BPM : 190
Background Image : charts\DETRO-Hurricanic\bg.jpg
Audio : charts\DETRO-Hurricanic\hurricanic -short size-.mp3

1 Column Hit Times:
444,
680,
917,
1075,
1312,
1549,
1707,
1944,
2180,
2338,
2496,
2654,
2812,
2970,
3207,
3444,
3601,
3838,
4075,
4233,
4470,
4707,
4865,
4983,
5101,
5220,
5338,
5496,
5733,
5970,
6128,
6365,
6601,
6759,
6996,
7233,
7391,
7549,
7707,
7865,
8022,
8259,
8496,
8654,
8891,
9128,
9404,
9522,
9641,
9759,
9878,
9996,
10115,
10233,
10351,
10470,
10588,
10786,
10904,
11101,
11259,
11457,
11615,
11812,
11930,
12049,
12167,
12365,
12483,
12641,
12838,
12996,
13115,
13272,
13470,
13707,
13825,
13983,
14220,
14338,
14496,
14694,
14891,
15088,
15207,
15365,
15483,
15601,
15759,
15878,
16075,
16194,
16351,
16470,
16746,
16865,
16983,
17220,
17378,
17536,
17694,
17812,
18049,
18167,
18286,
18444,
18562,
18680,
18878,
18996,
19115,
19233,
19351,
19470,
19667,
19865,
20022,
20180,
20299,
20536,
20654,
20891,
21088,
21207,
21325,
21483,
21680,
21799,
21917,
22036,
22233,
22430,
22549,
22707,
22825,
23022,
23141,
23259,
23378,
23694,
23812,
23970,
24128,
24404,
24522,
24641,
24799,
24917,
25036,
25154,
25312,
25430,
25588,
25707,
25825,
25983,
26101,
26338,
26496,
26654,
26772,
26891,
27009,
27128,
27246,
27404,
27522,
27641,
27838,
27957,
28115,
28233,
28351,
28549,
28667,
28786,
28904,
29101,
29220,
29338,
29496,
29654,
29812,
29930,
30246,
30444,
30601,
30759,
30878,
31036,
31154,
31391,
31549,
31707,
31825,
31944,
32062,
32220,
32338,
32457,
32615,
32733,
32851,
32970,
33128,
33286,
33444,
33601,
33720,
33838,
33957,
34115,
34233,
34391,
34509,
34628,
34825,
34944,
35101,
35220,
35338,
35496,
35615,
35812,
35970,
36128,
36246,
36365,
36483,
36641,
36759,
36917,
37036,
37154,
37351,
37470,
37628,
37746,
37944,
38062,
38220,
38338,
38457,
38615,
38733,
38970,
39128,
39286,
39404,
39522,
39641,
39799,
39917,
40036,
40194,
40312,
40470,
40588,
40746,
40865,
41022,
41180,
41338,
41457,
41575,
41812,
41970,
42088,
42207,
42365,
42483,
42641,
42759,
43036,
43154,
43391,
43549,
43667,
43786,
44022,
44180,
44338,
44457,
44575,
44694,
44891,
45009,
45167,
45286,
45444,
45601,
45799,
45917,
46036,
46194,
46312,
46549,
46707,
46825,
46944,
47180,
47299,
47457,
47575,
47733,
47851,
47970,
48128,
48286,
48404,
48522,
48759,
48917,
49036,
49154,
49272,
49391,
49549,
49707,
49865,
49983,
50101,
50259,
50378,
50536,
50654,
50772,
50970,
51207,
51444,
51601,
52233,
52470,
52707,
52865,
53496,
53733,
53970,
54128,
54759,
54996,
55233,
55391,
56022,
56259,
56496,
56654,
57286,
57522,
57759,
57917,
58549,
58786,
59022,
59180,
59812,
60049,
60286,
60444,
61075,
61312,
61549,
61707,
61944,
62180,
62338,
62575,
62812,
62970,
63207,
63444,
63601,
63838,
64075,
64233,
64470,
64707,
64865,
65101,
65338,
65496,
65733,
65970,
66128,
66365,
66601,
66759,
66996,
67233,
67391,
67628,
67865,
68022,
68259,
68496,
68654,
68891,
69128,
69286,
69522,
69759,
69917,
70154,
70391,
70549,
70786,
71022,
71180,
71417,
71654,
71812,
72049,
72286,
72444,
72680,
72917,
73075,
73312,
73549,
73707,
73944,
74180,
74338,
74575,
74812,
74970,
75207,
75444,
75601,
75838,
76075,
76233,
76391,
76549,
76786,
77022,
77180,
77417,
77654,
77812,
78049,
78286,
78444,
78680,
78917,
79075,
79312,
79549,
79707,
79944,
80180,
80338,
80575,
80812,
80970,
81207,
81286,
81444,
81601,
81759,
81917,
82075,
82233,
82391,
83180,
83338,
83496,
83654,
83812,
83970,
84128,
84286,
84444,
84601,
84759,
84917,
85707,
85865,
86022,
86180,
86338,
86496,
86654,
86812,
86970,
87128,
87286,
87444,
88233,
88391,
88549,
88707,
88865,
89022,
89180,
89338,
89496,
89654,
89812,
89970,
90759,
90917,
91075,
91233,
91338,
91496,
91707,
91917,
92128,
92338,
92549,
92759,
92970,
93180,
93391,
93601,
93812,
93917,
94022,
94128,
94233,
94338,
94444,
94549,
94654,
94759,
94865,
94970,
95075,
95180,
95286,
95391,
95496,
95601,
95707,
95812,
95917,
96022,
96128,
96233,
96338,
96444,
96549,
96654,
96759,
96865,
96970,
97075,
97180,
97286,
97391,
97496,
97601,
97707,
97812,
97917,
98022,
98128,
98233,
98338,
98444,
98549,
98654,
98759,
98865,
98970,
99075,
99180,
99286,
99391,
99496,
99601,
99707,
99812,
99917,
100022,
100128,
100233,
100338,
100444,
100549,
100654,
100759,
100865,
100970,
101075,
101496,
101733,
101930,
102049,
102167,
102325,
102522,
102641,
102759,
102878,
103075,
103272,
103391,
103549,
103667,
103865,
103983,
104101,
104220,
104536,
104654,
104812,
104970,
105246,
105365,
105483,
105641,
105759,
105878,
105996,
106154,
106272,
106430,
106549,
106667,
106825,
106944,
107180,
107338,
107496,
107615,
107733,
107851,
107970,
108088,
108246,
108365,
108483,
108680,
108799,
108957,
109075,
109194,
109391,
109509,
109628,
109746,
109944,
110062,
110180,
110338,
110496,
110654,
110772,
110970,
111088,
111286,
111444,
111641,
111759,
111917,
112036,
112194,
112312,
112549,
112707,
112825,
112944,
113180,
113299,
113457,
113575,
113733,
113851,
113970,
114128,
114286,
114404,
114522,
114759,
114917,
115036,
115154,
115272,
115391,
115549,
115707,
115865,
115983,
116101,
116259,
116378,
116536,
116654,
116772,
116970,
117128,
117286,
117444,
117562,
117680,
117917,
118075,
118194,
118312,
118470,
118588,
118746,
118865,
119141,
119259,
119496,
119654,
119772,
119891,
120128,
120286,
120444,
120562,
120680,
120799,
120996,
121115,
121312,
121549,
121707,

1 Column Long Note Times:

1 Column Release Times:

2 Column Hit Times:
720,
917,
1075,
1351,
1549,
1707,
1983,
2180,
2338,
2536,
2654,
2812,
2970,
3246,
3444,
3601,
3878,
4075,
4233,
4509,
4707,
4944,
5062,
5180,
5299,
5496,
5772,
5970,
6128,
6404,
6601,
6759,
7036,
7233,
7391,
7588,
7707,
7865,
8022,
8299,
8496,
8654,
8930,
9128,
9365,
9483,
9601,
9720,
9838,
9957,
10075,
10194,
10312,
10430,
10549,
10667,
10825,
11022,
11141,
11338,
11496,
11694,
11812,
12009,
12128,
12246,
12444,
12562,
12720,
12917,
13075,
13194,
13351,
13509,
13628,
13746,
13904,
14101,
14299,
14417,
14575,
14772,
14970,
15167,
15286,
15404,
15562,
15680,
15799,
15996,
16154,
16272,
16391,
16549,
16667,
16786,
16904,
17101,
17299,
17417,
17615,
17733,
17891,
18009,
18128,
18246,
18365,
18641,
18799,
18957,
19154,
19312,
19430,
19549,
19786,
19904,
20022,
20141,
20259,
20338,
20496,
20575,
20694,
20812,
21009,
21167,
21286,
21404,
21562,
21759,
21917,
22115,
22312,
22509,
22628,
22746,
22944,
23180,
23338,
23457,
23575,
23772,
23891,
24009,
24207,
24325,
24444,
24562,
24720,
24838,
24996,
25115,
25233,
25351,
25509,
25667,
25786,
25904,
26022,
26180,
26299,
26417,
26575,
26694,
26930,
27049,
27207,
27325,
27444,
27601,
27720,
27917,
28036,
28154,
28272,
28470,
28588,
28707,
28865,
28983,
29141,
29299,
29417,
29536,
29733,
30009,
30128,
30325,
30522,
30680,
30799,
30957,
31075,
31233,
31351,
31470,
31628,
31746,
32022,
32141,
32259,
32378,
32536,
32654,
32772,
32930,
33049,
33246,
33365,
33522,
33641,
33799,
33917,
34036,
34194,
34312,
34430,
34549,
34707,
34865,
35062,
35180,
35378,
35496,
35654,
35772,
35891,
36049,
36167,
36325,
36444,
36562,
36720,
36838,
36957,
37075,
37233,
37391,
37549,
37707,
37865,
38022,
38141,
38259,
38378,
38536,
38654,
38812,
38930,
39049,
39207,
39325,
39601,
39720,
39838,
39957,
40075,
40233,
40351,
40509,
40628,
40786,
40904,
41101,
41220,
41378,
41496,
41615,
41733,
41851,
42009,
42128,
42286,
42444,
42562,
42720,
42838,
42957,
43075,
43194,
43312,
43430,
43588,
43707,
43825,
43944,
44062,
44259,
44378,
44536,
44654,
44772,
44970,
45088,
45246,
45365,
45562,
45680,
45838,
45957,
46115,
46233,
46351,
46470,
46588,
46746,
46865,
46983,
47101,
47220,
47378,
47496,
47654,
47812,
47930,
48049,
48167,
48325,
48444,
48562,
48680,
48799,
48957,
49075,
49194,
49351,
49470,
49667,
49786,
49904,
50022,
50180,
50338,
50457,
50575,
50694,
50812,
50930,
51246,
51444,
52233,
52509,
52707,
53496,
53772,
53970,
54759,
55036,
55233,
56022,
56299,
56496,
57286,
57562,
57759,
58549,
58825,
59022,
59812,
60088,
60286,
61075,
61351,
61549,
61707,
61983,
62180,
62338,
62615,
62812,
62970,
63246,
63444,
63601,
63878,
64075,
64233,
64509,
64707,
64865,
65141,
65338,
65496,
65772,
65970,
66128,
66404,
66601,
66759,
67036,
67233,
67391,
67667,
67865,
68022,
68299,
68496,
68654,
68930,
69128,
69286,
69562,
69759,
69917,
70194,
70391,
70549,
70825,
71022,
71180,
71457,
71694,
71812,
72088,
72325,
72444,
72720,
72957,
73075,
73351,
73588,
73707,
73983,
74220,
74338,
74615,
74851,
74970,
75246,
75483,
75601,
75878,
76115,
76312,
76470,
76825,
77062,
77180,
77457,
77694,
77812,
78088,
78325,
78444,
78720,
78957,
79075,
79351,
79588,
79707,
79983,
80220,
80338,
80615,
80851,
80970,
81246,
81917,
82075,
82233,
82391,
82549,
82707,
82865,
83022,
83180,
83338,
83496,
83654,
83812,
83970,
84128,
84286,
85075,
85233,
85391,
85549,
85707,
85865,
86022,
86180,
86338,
86496,
86654,
86812,
87601,
87759,
87917,
88075,
88233,
88391,
88549,
88707,
88865,
89022,
89180,
89338,
90128,
90286,
90444,
90601,
90812,
91022,
91128,
91233,
91391,
91601,
91707,
91812,
92022,
92233,
92338,
92444,
92654,
92865,
92970,
93075,
93286,
93496,
93601,
93707,
93917,
94022,
94128,
94233,
94338,
94444,
94549,
94654,
94759,
94865,
94970,
95075,
95180,
95286,
95391,
95496,
95601,
95707,
95812,
95917,
96022,
96128,
96233,
96338,
96444,
96549,
96654,
96759,
96865,
96970,
97075,
97180,
97286,
97391,
97496,
97601,
97707,
97812,
97917,
98022,
98128,
98233,
98338,
98444,
98549,
98654,
98759,
98865,
101536,
101654,
101851,
102009,
102128,
102246,
102404,
102601,
102759,
102957,
103154,
103351,
103470,
103588,
103786,
104022,
104180,
104299,
104417,
104615,
104733,
104851,
105049,
105167,
105286,
105404,
105562,
105680,
105838,
105957,
106075,
106194,
106351,
106509,
106628,
106746,
106865,
107022,
107141,
107259,
107417,
107536,
107772,
107891,
108049,
108167,
108286,
108444,
108562,
108759,
108878,
108996,
109115,
109312,
109430,
109549,
109707,
109825,
109983,
110141,
110259,
110378,
110575,
110694,
110851,
110970,
111167,
111286,
111404,
111522,
111680,
111878,
111996,
112115,
112233,
112351,
112470,
112588,
112746,
112865,
112983,
113101,
113220,
113378,
113496,
113654,
113812,
113930,
114049,
114167,
114325,
114444,
114562,
114680,
114799,
114957,
115075,
115194,
115351,
115470,
115667,
115786,
115904,
116022,
116180,
116338,
116457,
116575,
116694,
116812,
116930,
117049,
117207,
117325,
117483,
117601,
117720,
117838,
117957,
118115,
118233,
118391,
118549,
118667,
118825,
118944,
119062,
119180,
119299,
119417,
119536,
119694,
119812,
119930,
120049,
120167,
120365,
120483,
120641,
120878,
121075,
121194,
121351,
121470,
121588,
121707,

2 Column Long Note Times:

2 Column Release Times:

3 Column Hit Times:
444,
641,
759,
917,
1075,
1272,
1391,
1549,
1707,
1904,
2022,
2180,
2338,
2615,
2812,
2970,
3167,
3286,
3444,
3601,
3799,
3917,
4075,
4233,
4430,
4549,
4707,
4904,
5022,
5141,
5259,
5496,
5694,
5812,
5970,
6128,
6325,
6444,
6601,
6759,
6957,
7075,
7233,
7391,
7667,
7865,
8022,
8220,
8338,
8496,
8654,
8851,
8970,
9128,
9325,
9444,
9562,
9680,
9799,
9917,
10036,
10154,
10272,
10391,
10509,
10628,
10746,
10944,
11062,
11220,
11378,
11575,
11733,
11851,
11970,
12207,
12325,
12522,
12680,
12799,
12957,
13075,
13233,
13391,
13549,
13667,
13786,
13944,
14062,
14180,
14338,
14457,
14615,
14733,
14851,
15009,
15128,
15325,
15522,
15641,
15838,
15957,
16115,
16312,
16509,
16628,
16825,
16944,
17062,
17180,
17338,
17496,
17654,
17851,
17970,
18128,
18404,
18522,
18720,
18838,
19075,
19272,
19391,
19588,
19707,
19825,
19983,
20101,
20220,
20378,
20457,
20615,
20733,
20851,
20970,
21128,
21246,
21365,
21522,
21641,
21878,
21996,
22154,
22272,
22391,
22549,
22667,
22865,
22983,
23101,
23220,
23417,
23536,
23654,
23812,
23930,
24088,
24246,
24365,
24483,
24680,
24957,
25075,
25272,
25470,
25628,
25746,
25865,
26062,
26220,
26338,
26457,
26615,
26812,
26970,
27167,
27365,
27562,
27680,
27799,
27996,
28233,
28391,
28509,
28628,
28825,
28944,
29062,
29259,
29378,
29496,
29615,
29772,
29891,
30049,
30167,
30286,
30404,
30562,
30720,
30838,
30996,
31115,
31272,
31391,
31509,
31667,
31786,
31904,
32022,
32180,
32338,
32496,
32654,
32812,
32970,
33088,
33207,
33325,
33483,
33601,
33759,
33878,
33996,
34154,
34272,
34549,
34667,
34786,
34904,
35022,
35180,
35299,
35457,
35575,
35733,
35851,
36009,
36128,
36286,
36404,
36522,
36680,
36799,
37075,
37194,
37312,
37430,
37588,
37707,
37825,
37983,
38101,
38299,
38417,
38575,
38694,
38851,
38970,
39088,
39246,
39365,
39483,
39601,
39759,
39917,
40115,
40233,
40430,
40549,
40707,
40825,
40944,
41062,
41180,
41299,
41417,
41536,
41694,
41812,
41930,
42049,
42167,
42325,
42444,
42601,
42759,
42878,
42996,
43115,
43272,
43391,
43509,
43628,
43746,
43904,
44022,
44141,
44299,
44417,
44615,
44733,
44851,
44970,
45128,
45286,
45404,
45522,
45641,
45759,
45878,
45996,
46154,
46272,
46430,
46549,
46667,
46786,
46904,
47062,
47180,
47338,
47496,
47615,
47772,
47891,
48009,
48128,
48246,
48365,
48483,
48641,
48759,
48878,
48996,
49115,
49312,
49430,
49588,
49707,
49825,
50022,
50141,
50299,
50417,
50615,
50733,
50891,
51167,
51286,
51444,
52233,
52430,
52549,
52707,
53496,
53694,
53812,
53970,
54759,
54957,
55075,
55233,
56022,
56220,
56338,
56496,
57286,
57483,
57601,
57759,
58549,
58746,
58865,
59022,
59812,
60009,
60128,
60286,
61075,
61272,
61391,
61549,
61707,
61904,
62022,
62180,
62338,
62536,
62654,
62812,
62970,
63167,
63286,
63444,
63601,
63799,
63917,
64075,
64233,
64430,
64549,
64707,
64865,
65062,
65180,
65338,
65496,
65694,
65812,
65970,
66128,
66325,
66444,
66601,
66759,
66957,
67075,
67233,
67391,
67588,
67707,
67865,
68022,
68220,
68338,
68496,
68654,
68851,
68970,
69128,
69286,
69483,
69601,
69759,
69917,
70115,
70233,
70391,
70549,
70746,
70865,
71022,
71180,
71378,
71496,
71772,
72009,
72128,
72404,
72641,
72759,
73036,
73272,
73391,
73667,
73904,
74022,
74299,
74536,
74654,
74930,
75167,
75286,
75562,
75799,
75917,
76194,
76351,
76509,
76746,
76865,
77141,
77378,
77496,
77772,
78009,
78128,
78404,
78641,
78759,
79036,
79272,
79391,
79667,
79904,
80022,
80299,
80536,
80654,
80930,
81167,
81286,
81444,
81601,
81759,
82549,
82707,
82865,
83022,
83812,
83970,
84128,
84286,
84444,
84601,
84759,
84917,
85075,
85233,
85391,
85549,
86338,
86496,
86654,
86812,
86970,
87128,
87286,
87444,
87601,
87759,
87917,
88075,
88865,
89022,
89180,
89338,
89496,
89654,
89812,
89970,
90128,
90286,
90444,
90601,
90759,
90865,
90970,
91075,
91286,
91391,
91496,
91707,
91917,
92022,
92128,
92338,
92549,
92654,
92759,
92970,
93180,
93286,
93391,
93601,
93812,
93970,
94075,
94180,
94286,
94391,
94496,
94601,
94707,
94812,
94917,
95022,
95128,
95233,
95338,
95444,
95549,
95654,
95759,
95865,
95970,
96075,
96180,
96286,
96391,
96496,
96601,
96707,
96812,
96917,
97022,
97128,
97233,
97338,
97444,
97549,
97654,
97759,
97865,
97970,
98075,
98180,
98286,
98391,
98496,
98601,
98707,
98812,
98917,
101575,
101694,
101812,
101970,
102088,
102207,
102365,
102483,
102720,
102838,
102996,
103115,
103233,
103391,
103509,
103707,
103825,
103944,
104062,
104259,
104378,
104496,
104654,
104772,
104930,
105088,
105207,
105325,
105522,
105799,
105917,
106115,
106312,
106470,
106588,
106707,
106904,
107062,
107180,
107299,
107457,
107654,
107812,
108009,
108207,
108404,
108522,
108641,
108838,
109075,
109233,
109351,
109470,
109667,
109786,
109904,
110101,
110220,
110338,
110457,
110615,
110733,
110891,
111009,
111128,
111246,
111365,
111562,
111720,
111838,
111957,
112154,
112272,
112430,
112549,
112667,
112786,
112904,
113062,
113180,
113338,
113496,
113615,
113772,
113891,
114009,
114128,
114246,
114365,
114483,
114641,
114759,
114878,
114996,
115115,
115312,
115430,
115588,
115707,
115825,
116022,
116141,
116299,
116417,
116615,
116733,
116891,
117009,
117167,
117286,
117404,
117522,
117641,
117799,
117917,
118036,
118154,
118272,
118430,
118549,
118707,
118865,
118983,
119101,
119220,
119378,
119496,
119615,
119733,
119851,
120009,
120128,
120246,
120404,
120522,
120720,
120838,
120957,
121233,
121391,
121509,
121628,

3 Column Long Note Times:

3 Column Release Times:

4 Column Hit Times:
444,
601,
759,
917,
1075,
1233,
1391,
1549,
1707,
1865,
2022,
2180,
2338,
2575,
2812,
2970,
3128,
3286,
3444,
3601,
3759,
3917,
4075,
4233,
4391,
4549,
4707,
4865,
5022,
5180,
5338,
5496,
5654,
5812,
5970,
6128,
6286,
6444,
6601,
6759,
6917,
7075,
7233,
7391,
7628,
7865,
8022,
8180,
8338,
8496,
8654,
8812,
8970,
9128,
9286,
9444,
9601,
9759,
9917,
10075,
10233,
10391,
10549,
10707,
10865,
10983,
11180,
11299,
11417,
11536,
11654,
11772,
11891,
12088,
12286,
12404,
12601,
12759,
12878,
13036,
13154,
13312,
13430,
13588,
13865,
14022,
14141,
14259,
14378,
14536,
14654,
14812,
14930,
15049,
15246,
15444,
15601,
15720,
15917,
16036,
16233,
16430,
16588,
16707,
16865,
17022,
17141,
17259,
17457,
17575,
17772,
17930,
18088,
18207,
18325,
18483,
18601,
18759,
18917,
19036,
19194,
19391,
19509,
19628,
19746,
19944,
20062,
20180,
20417,
20654,
20772,
20930,
21049,
21286,
21444,
21601,
21720,
21838,
21957,
22075,
22194,
22351,
22470,
22588,
22786,
22904,
23062,
23180,
23299,
23496,
23615,
23733,
23851,
24049,
24167,
24286,
24444,
24601,
24759,
24878,
25075,
25194,
25391,
25549,
25707,
25944,
26141,
26259,
26378,
26536,
26733,
26851,
26970,
27088,
27286,
27483,
27601,
27759,
27878,
28075,
28194,
28312,
28430,
28746,
28865,
29022,
29180,
29457,
29575,
29694,
29851,
29970,
30088,
30207,
30365,
30483,
30641,
30759,
30917,
31075,
31194,
31312,
31430,
31588,
31707,
31865,
31983,
32101,
32299,
32417,
32575,
32694,
32891,
33009,
33167,
33286,
33404,
33562,
33680,
33917,
34075,
34233,
34351,
34470,
34588,
34746,
34865,
34983,
35141,
35259,
35417,
35536,
35694,
35812,
35930,
36088,
36207,
36444,
36601,
36759,
36878,
36996,
37115,
37272,
37391,
37509,
37667,
37786,
37904,
38022,
38180,
38338,
38496,
38654,
38772,
38891,
39009,
39167,
39286,
39444,
39562,
39680,
39878,
39996,
40154,
40272,
40391,
40549,
40667,
40865,
40983,
41141,
41259,
41496,
41654,
41772,
41891,
42128,
42246,
42404,
42522,
42680,
42799,
42917,
43075,
43233,
43351,
43470,
43707,
43865,
43983,
44101,
44220,
44338,
44496,
44654,
44812,
44930,
45049,
45207,
45325,
45483,
45601,
45720,
45917,
46075,
46233,
46391,
46509,
46628,
46865,
47022,
47141,
47259,
47417,
47536,
47694,
47812,
48088,
48207,
48444,
48601,
48720,
48838,
49075,
49233,
49391,
49509,
49628,
49746,
49944,
50062,
50220,
50338,
50496,
50654,
50851,
50970,
51128,
51286,
51444,
51601,
52233,
52391,
52549,
52707,
52865,
53496,
53654,
53812,
53970,
54128,
54759,
54917,
55075,
55233,
55391,
56022,
56180,
56338,
56496,
56654,
57286,
57444,
57601,
57759,
57917,
58549,
58707,
58865,
59022,
59180,
59812,
59970,
60128,
60286,
60444,
61075,
61233,
61391,
61549,
61707,
61865,
62022,
62180,
62338,
62496,
62654,
62812,
62970,
63128,
63286,
63444,
63601,
63759,
63917,
64075,
64233,
64391,
64549,
64707,
64865,
65022,
65180,
65338,
65496,
65654,
65812,
65970,
66128,
66286,
66444,
66601,
66759,
66917,
67075,
67233,
67391,
67549,
67707,
67865,
68022,
68180,
68338,
68496,
68654,
68812,
68970,
69128,
69286,
69444,
69601,
69759,
69917,
70075,
70233,
70391,
70549,
70707,
70865,
71022,
71180,
71338,
71496,
71733,
71970,
72128,
72365,
72601,
72759,
72996,
73233,
73391,
73628,
73865,
74022,
74259,
74496,
74654,
74891,
75128,
75286,
75522,
75759,
75917,
76154,
76272,
76430,
76549,
76707,
76865,
77101,
77338,
77496,
77733,
77970,
78128,
78365,
78601,
78759,
78996,
79233,
79391,
79628,
79865,
80022,
80259,
80496,
80654,
80891,
81128,
81286,
81444,
81601,
81759,
81917,
82075,
82233,
82391,
82549,
82707,
82865,
83022,
83180,
83338,
83496,
83654,
84444,
84601,
84759,
84917,
85075,
85233,
85391,
85549,
85707,
85865,
86022,
86180,
86970,
87128,
87286,
87444,
87601,
87759,
87917,
88075,
88233,
88391,
88549,
88707,
89496,
89654,
89812,
89970,
90128,
90286,
90444,
90601,
90759,
90917,
91075,
91180,
91391,
91601,
91812,
92022,
92233,
92444,
92654,
92865,
93075,
93286,
93496,
93707,
93970,
94075,
94180,
94286,
94391,
94496,
94601,
94707,
94812,
94917,
95022,
95128,
95233,
95338,
95444,
95549,
95654,
95759,
95865,
95970,
96075,
96180,
96286,
96391,
96496,
96601,
96707,
96812,
96917,
97022,
97128,
97233,
97338,
97444,
97549,
97654,
97759,
97865,
97970,
98075,
98180,
98286,
98391,
98496,
98601,
98707,
98812,
98917,
99022,
99128,
99233,
99338,
99444,
99549,
99654,
99759,
99865,
99970,
100075,
100180,
100286,
100391,
100496,
100601,
100707,
100812,
100917,
101022,
101128,
101496,
101615,
101772,
101891,
102128,
102286,
102444,
102562,
102680,
102799,
102917,
103036,
103194,
103312,
103430,
103628,
103746,
103904,
104022,
104141,
104338,
104457,
104575,
104694,
104891,
105009,
105128,
105286,
105444,
105601,
105720,
105917,
106036,
106233,
106391,
106549,
106786,
106983,
107101,
107220,
107378,
107575,
107694,
107812,
107930,
108128,
108325,
108444,
108601,
108720,
108917,
109036,
109154,
109272,
109588,
109707,
109865,
110022,
110299,
110417,
110536,
110654,
110812,
110930,
111049,
111207,
111325,
111483,
111601,
111799,
111917,
112075,
112233,
112391,
112509,
112628,
112865,
113022,
113141,
113259,
113417,
113536,
113694,
113812,
114088,
114207,
114444,
114601,
114720,
114838,
115075,
115233,
115391,
115509,
115628,
115746,
115944,
116062,
116220,
116338,
116496,
116654,
116851,
116970,
117088,
117246,
117365,
117601,
117759,
117878,
117996,
118233,
118351,
118509,
118628,
118786,
118904,
119022,
119180,
119338,
119457,
119575,
119812,
119970,
120088,
120207,
120325,
120444,
120601,
120759,
120917,
121036,
121154,
121272,
121430,
121667,

4 Column Long Note Times:

4 Column Release Times:

