Artist : xi
Song Name : Blue Zenith
Difficulty : 22.80 
BPM : 200
Background Image : charts\xi-Blue Zenith\bluezenith edited.jpg
Audio : charts\xi-Blue Zenith\audio.mp3

1 Column Hit Times:
1117,
1417,
1717,
2017,
2317,
2617,
2917,
3217,
3517,
3817,
4117,
4417,
4717,
5017,
5317,
5617,
5917,
6217,
6517,
6817,
7117,
7417,
7717,
8017,
8317,
8617,
8917,
9217,
9517,
9742,
10117,
10267,
10717,
10942,
11317,
11617,
11917,
12142,
12517,
12817,
13117,
13342,
13717,
14017,
14317,
14542,
14917,
15067,
15517,
15817,
16117,
16267,
16717,
17017,
17317,
17467,
17917,
18217,
18367,
18517,
19117,
19267,
19417,
19642,
19867,
20017,
20167,
20317,
20467,
20917,
21217,
21517,
21742,
22117,
22417,
22717,
23017,
23317,
23617,
23917,
24217,
24967,
25117,
25342,
25717,
26017,
26317,
26542,
26917,
27217,
27517,
27817,
28117,
28417,
28717,
28867,
29242,
29392,
29692,
29804,
29917,
30217,
30367,
30592,
30817,
30967,
31192,
31417,
31717,
32017,
32617,
32917,
33217,
33517,
33817,
33967,
34417,
34567,
35017,
35317,
35617,
35917,
36217,
36367,
36817,
36967,
37117,
37417,
37717,
38017,
38392,
38617,
38917,
39217,
39367,
39517,
39817,
39967,
40192,
40417,
40567,
40792,
41017,
41317,
41467,
41617,
42217,
42517,
42817,
43117,
43417,
43567,
44017,
44167,
44317,
44617,
44767,
45217,
45367,
45517,
45817,
46267,
46417,
47017,
47317,
47692,
47917,
48142,
48367,
48517,
48667,
48967,
49417,
49717,
50017,
50317,
50617,
50767,
50992,
51217,
51367,
51517,
51817,
52117,
52417,
52792,
53017,
53317,
53617,
53767,
53917,
54217,
54367,
54592,
54817,
54967,
55192,
55417,
55717,
55867,
56017,
56617,
56917,
57217,
57517,
57817,
57967,
58192,
58342,
59017,
59317,
59617,
59917,
60217,
60367,
60817,
60967,
61117,
61417,
61717,
62017,
62392,
62617,
62917,
63067,
63667,
63817,
64117,
64267,
64417,
64642,
65017,
65167,
65317,
65617,
65767,
66067,
66217,
66442,
66667,
66817,
66967,
67117,
67342,
67567,
67717,
67867,
68017,
68317,
73117,
75317,
80117,
80917,
84517,
86917,
89017,
94517,
96967,
99317,
105367,
105517,
106567,
107767,
107917,
108967,
109117,
109567,
109717,
109867,
110167,
110992,
111142,
111292,
111517,
112717,
112942,
113317,
113617,
114217,
114517,
114817,
115117,
115417,
115567,
115792,
116017,
116167,
116317,
116617,
116917,
117217,
117592,
117817,
118117,
118417,
118717,
119017,
119167,
119392,
119617,
119767,
119992,
120217,
120517,
120667,
120817,
121417,
121717,
122017,
122317,
122617,
122767,
122992,
123142,
123817,
124117,
124417,
124717,
125017,
125167,
125617,
125767,
125917,
126217,
126517,
126817,
127192,
127417,
127717,
128017,
128167,
128617,
128917,
129067,
129217,
129592,
129817,
130117,
130417,
130567,
130717,
131017,
131167,
131317,
131617,
131767,
132067,
132217,
132517,
132667,
132817,
132967,
133417,
133567,
133792,
134017,
134167,
134392,
134617,
134917,
135217,
135817,
136117,
136417,
136717,
137017,
137167,
137392,
137542,
138217,
138517,
138817,
139117,
139417,
139567,
140017,
140167,
140317,
140617,
140917,
141217,
141592,
141817,
142117,
142417,
142567,
142717,
143017,
143167,
143392,
143617,
143767,
143992,
144217,
144517,
144667,
144817,
145417,
145717,
146017,
146317,
146617,
146767,
146992,
147142,
147517,
147817,
147967,
148117,
148417,
148567,
148867,
149017,
149317,
149467,
149617,
149842,
150217,
150367,
150517,
150667,
151042,
151192,
151417,
151567,
151717,
151867,
152092,
152242,
152617,
152917,
153217,
153517,
153817,
154117,
154267,
154417,
154567,
154717,
155092,
155317,
155467,
155692,
155917,
156217,
156517,
156817,
156967,
157117,
157342,
157717,
157867,
158092,
158317,
158467,
158692,
158917,
159217,
159442,
159667,
159817,
160117,
160417,
160792,
160942,
161317,
161467,
161692,
161842,
162217,
162517,
162817,
163117,
163417,
163717,
163867,
164017,
164167,
164317,
164467,
164692,
164917,
165067,
165292,
165517,
165817,
166117,
166417,
166567,
166717,
166867,
167017,
167242,
167467,
167617,
167767,
167917,
168217,
168367,
168592,
168817,
168967,
169117,
169267,
169567,
169717,
169867,
170092,
170242,
170467,
170617,
170842,
171067,
171217,
171367,
178867,
179092,
180067,
180217,
180367,
181117,
181267,
181417,
181567,
181717,
181867,
182017,
182167,
182317,
182467,
182917,
183217,
183517,
183817,
183967,
184192,
184417,
184567,
184792,
185017,
185317,
185617,
186217,
186517,
186817,
187117,
187417,
187567,
188017,
188167,
188617,
188917,
189217,
189517,
189817,
189967,
190417,
190567,
190717,
191017,
191317,
191617,
191992,
192217,
192517,
192817,
192967,
193117,
193417,
193567,
193792,
194017,
194167,
194392,
194617,
194917,
195067,
195217,
195817,
196117,
196417,
196717,
197017,
197167,
197392,
197542,
197917,
198067,
198217,
198367,
198817,
198967,
199117,
199417,
199717,
199867,
200017,
200467,
200617,
200917,
201067,
201217,
201442,
201817,
201967,
202117,
202342,
202567,
203017,
203317,
203617,
203917,
204217,
204367,
204592,
204817,
204967,
205117,
205417,
205717,
206017,
206392,
206617,
206917,
207217,
207367,
207517,
207817,
207967,
208192,
208417,
208567,
208792,
209017,
209317,
209467,
209617,
210217,
210517,
210817,
211117,
211417,
211567,
211792,
211942,
212317,
212617,
213217,
213517,
213817,
213967,
214417,
214567,
214717,
215017,
215317,
215617,
215992,
216217,
216517,
216817,
216967,
217267,
217417,
217717,
217867,
218017,
218242,
218617,
218767,
218917,
219217,
219367,
219667,
219817,
220042,
220267,
220417,
220567,
220717,
220867,
221242,
221467,
221617,
221767,
221917,
222142,
222517,
222667,
222892,
223117,
223267,
223492,
223717,
224017,
224242,
224392,
224617,
224917,
225217,
225592,
225742,
226117,
226267,
226492,
226642,
227017,
227317,
227617,
227917,
228217,
228517,
228667,
228817,
228967,
229117,
229492,
229717,
229867,
230092,
230317,
230617,
230767,
230917,
231367,
231517,
231742,
232117,
232267,
232492,
232717,
232867,
233092,
233317,
233617,
233842,
234217,
234517,
234817,
235192,
235342,
235717,
235867,
236092,
236317,
236542,
236767,
236917,
237142,
237367,
237517,
237667,
237892,
238117,
238267,
238492,
238642,
238867,
239017,
239167,
239317,
239542,
239767,
239917,
240142,
240367,
240517,
240667,
240892,
241042,

1 Column Long Note Times:
24517,
32317,
34717,
41917,
46117,
46717,
49117,
56317,
58717,
63517,
65917,
71017,
72367,
82417,
91117,
92317,
97117,
100117,
101617,
103717,
106117,
106717,
108217,
110317,
113917,
121117,
123517,
128317,
131917,
135517,
137917,
145117,
148717,
171517,
173917,
175917,
177817,
179317,
185917,
188317,
195517,
200317,
202717,
209917,
212917,
217117,
219517,
242317,
244717,
245917,
247117,

1 Column Release Times:
24817,
32392,
34792,
41992,
46192,
46792,
49267,
56467,
58867,
63592,
65992,
71317,
73042,
82717,
91717,
92917,
98917,
101017,
101917,
104317,
106317,
107317,
108517,
110917,
113992,
121192,
123592,
128392,
131992,
135592,
137992,
145192,
148792,
173317,
175417,
176317,
178417,
179917,
185992,
188392,
195592,
200392,
202792,
209992,
212992,
217192,
219592,
243517,
245317,
247042,
251917,

2 Column Hit Times:
1117,
2317,
3517,
4717,
6067,
6292,
6442,
6667,
6892,
7042,
7267,
7492,
7642,
7867,
8092,
8242,
9292,
9442,
9667,
9892,
10117,
10342,
10492,
10642,
10867,
11092,
11317,
11467,
11692,
11842,
12067,
12292,
12517,
12667,
12892,
13042,
13267,
13492,
13717,
13867,
14092,
14242,
14467,
14692,
14917,
15142,
15292,
15442,
15667,
15892,
16042,
16342,
16492,
16642,
16867,
17092,
17242,
17542,
17692,
17842,
18067,
18217,
18367,
18592,
18742,
18892,
19042,
19304,
19417,
19679,
19867,
20092,
20279,
20542,
20692,
20917,
21067,
21292,
21442,
21667,
21892,
22117,
22267,
22492,
22642,
22867,
23092,
23242,
23467,
23692,
23842,
24067,
24292,
24442,
24817,
24967,
25117,
25267,
25492,
25717,
25867,
26092,
26242,
26467,
26692,
26917,
27067,
27292,
27442,
27667,
27892,
28042,
28267,
28492,
28642,
28904,
29017,
29279,
29392,
29692,
29842,
29992,
30142,
30442,
30742,
31042,
31267,
31492,
31717,
31867,
32092,
32392,
32542,
32767,
32992,
33142,
33367,
33742,
34042,
34192,
34342,
34642,
34867,
35092,
35317,
35467,
35692,
36142,
36442,
36592,
36742,
37042,
37267,
37492,
37642,
37867,
38092,
38242,
38467,
38692,
38917,
39067,
39217,
39367,
39592,
39742,
40042,
40342,
40642,
40867,
41092,
41317,
41692,
41992,
42142,
42367,
42592,
42742,
42967,
43342,
43642,
43792,
44017,
44167,
44392,
44542,
44842,
44992,
45142,
45517,
45667,
45892,
46042,
46492,
46642,
46867,
47017,
47167,
47392,
47542,
47842,
48179,
48404,
48517,
48742,
48892,
49079,
49267,
49492,
49717,
49867,
50092,
50542,
50842,
51142,
51442,
51667,
51892,
52042,
52267,
52492,
52642,
52867,
53092,
53317,
53467,
53617,
53767,
53992,
54142,
54442,
54742,
55042,
55267,
55492,
55717,
56092,
56392,
56542,
56767,
56992,
57142,
57367,
57742,
58042,
58492,
58642,
58867,
59092,
59317,
59467,
59692,
60142,
60442,
60592,
60742,
61042,
61267,
61492,
61642,
61867,
62092,
62242,
62467,
62692,
63142,
63292,
63442,
63667,
63892,
64042,
64267,
64492,
64642,
64792,
64942,
65167,
65392,
65542,
65767,
65917,
66067,
66292,
66442,
66592,
66817,
67004,
67117,
67379,
67604,
67717,
67904,
68017,
68167,
68279,
73117,
74917,
76117,
79717,
83917,
86317,
87117,
89317,
90517,
92317,
94117,
96967,
98917,
101842,
104242,
105367,
106567,
108967,
109867,
110242,
110542,
110692,
110842,
111367,
111517,
112942,
113917,
114067,
114292,
114517,
114667,
114892,
115342,
115642,
115942,
116242,
116467,
116692,
116842,
117067,
117292,
117442,
117667,
117892,
118117,
118267,
118492,
118792,
118942,
119242,
119542,
119842,
120067,
120292,
120517,
120892,
121192,
121342,
121567,
121792,
121942,
122167,
122542,
122842,
123292,
123442,
123667,
123892,
124117,
124267,
124492,
124942,
125242,
125392,
125542,
125842,
126067,
126292,
126442,
126667,
126892,
127042,
127267,
127492,
127717,
127867,
128017,
128167,
128392,
128692,
128917,
129292,
129442,
129742,
129967,
130192,
130417,
130567,
130792,
130942,
131167,
131392,
131542,
131767,
131917,
132067,
132292,
132442,
132704,
132817,
133042,
133192,
133342,
133642,
133942,
134242,
134467,
134692,
134917,
135067,
135292,
135592,
135742,
135967,
136192,
136342,
136567,
136942,
137242,
137692,
137842,
138067,
138292,
138517,
138667,
138892,
139342,
139642,
139792,
139942,
140242,
140467,
140692,
140842,
141067,
141292,
141442,
141667,
141892,
142117,
142267,
142417,
142567,
142792,
142942,
143242,
143542,
143842,
144067,
144292,
144892,
145192,
145342,
145567,
145792,
145942,
146167,
146542,
146842,
147292,
147442,
147592,
147742,
147967,
148192,
148342,
148567,
148717,
148867,
149092,
149242,
149467,
149692,
149879,
149992,
150142,
150404,
150517,
150742,
150892,
151079,
151342,
151604,
151717,
151942,
152129,
152279,
152392,
152617,
152767,
152992,
153217,
153367,
153592,
153817,
154042,
154317,
154517,
154717,
154942,
155242,
155542,
155767,
155917,
156067,
156217,
156367,
156592,
156817,
156967,
157117,
157267,
157492,
157642,
157942,
158242,
158542,
158767,
158992,
159142,
159292,
159592,
159817,
159967,
160192,
160417,
160642,
161092,
161242,
161542,
161842,
161992,
162217,
162367,
162592,
162817,
162967,
163192,
163417,
163642,
163917,
164117,
164317,
164542,
164842,
165142,
165367,
165517,
165667,
165817,
165967,
166192,
166417,
166567,
166792,
167017,
167167,
167392,
167617,
167842,
167992,
168142,
168367,
168517,
168742,
168967,
169117,
169342,
169492,
169642,
169867,
170092,
170279,
170504,
170617,
170879,
170992,
171217,
171404,
178942,
179167,
179392,
179617,
179842,
180067,
180217,
180442,
180592,
180742,
180892,
181042,
181717,
181867,
182017,
182167,
182467,
182617,
182992,
183592,
183742,
184042,
184342,
184642,
184867,
185092,
185317,
185467,
185692,
185992,
186142,
186367,
186592,
186742,
186967,
187342,
187642,
187792,
187942,
188242,
188467,
188692,
188917,
189067,
189292,
189742,
190042,
190192,
190342,
190642,
190867,
191092,
191242,
191467,
191692,
191842,
192067,
192292,
192517,
192667,
192817,
192967,
193192,
193342,
193642,
193942,
194242,
194467,
194692,
194917,
195292,
195592,
195742,
195967,
196192,
196342,
196567,
196942,
197242,
197692,
197842,
198142,
198442,
198592,
198742,
199117,
199267,
199492,
199642,
200092,
200242,
200467,
200692,
200842,
201067,
201292,
201442,
201592,
201742,
201967,
202192,
202379,
202492,
202717,
202867,
203092,
203317,
203467,
203692,
204142,
204442,
204742,
205042,
205267,
205492,
205642,
205867,
206092,
206242,
206467,
206692,
206917,
207067,
207217,
207367,
207592,
207742,
208042,
208342,
208642,
208867,
209092,
209317,
209692,
209992,
210142,
210367,
210592,
210742,
210967,
211342,
211642,
212092,
212242,
212467,
212692,
212917,
213067,
213292,
213742,
214042,
214192,
214342,
214642,
214867,
215092,
215242,
215467,
215692,
215842,
216067,
216292,
216517,
216667,
216817,
216967,
217267,
217492,
217642,
217867,
218092,
218242,
218392,
218542,
218767,
218992,
219142,
219404,
219517,
219667,
219892,
220042,
220192,
220417,
220604,
220717,
220942,
221092,
221279,
221392,
221654,
221804,
221917,
222067,
222292,
222442,
222742,
223042,
223342,
223567,
223792,
223942,
224092,
224467,
224617,
224767,
224992,
225217,
225442,
225892,
226042,
226342,
226792,
227017,
227167,
227392,
227617,
227767,
227992,
228217,
228442,
228717,
228917,
229117,
229342,
229642,
229942,
230167,
230317,
230467,
230617,
230992,
231217,
231367,
231517,
231667,
231892,
232042,
232342,
232642,
232942,
233167,
233392,
233542,
233692,
233992,
234217,
234367,
234592,
234817,
235042,
235492,
235642,
235942,
236242,
236467,
236692,
236917,
237067,
237292,
237442,
237667,
237817,
238042,
238267,
238417,
238642,
238792,
239017,
239242,
239392,
239542,
239804,
239917,
240179,
240404,
240517,
240742,
240892,
241079,

2 Column Long Note Times:
33517,
35917,
43117,
50317,
57517,
59917,
62917,
71317,
81817,
92917,
95317,
101017,
103117,
105517,
106317,
106717,
108517,
109117,
113467,
115117,
122317,
124717,
136717,
139117,
144517,
146317,
171517,
175417,
176317,
178417,
182767,
183217,
187117,
189517,
196717,
203917,
211117,
213517,
242917,
245317,
245717,
246517,
247117,

2 Column Release Times:
33592,
35992,
43192,
50467,
57667,
60067,
63067,
71617,
82117,
93817,
96517,
101617,
103717,
105817,
106517,
107317,
108817,
109717,
113617,
115192,
122392,
124792,
136792,
139192,
144592,
146392,
172717,
176117,
177817,
178717,
182917,
183517,
187192,
189592,
196792,
203992,
211192,
213592,
244717,
245517,
245917,
247042,
251917,

3 Column Hit Times:
5992,
6142,
6367,
6592,
6742,
6967,
7192,
7342,
7567,
7792,
7942,
8167,
8992,
9142,
9367,
9592,
9817,
10042,
10192,
10417,
10567,
10792,
11017,
11242,
11542,
11767,
11992,
12217,
12442,
12742,
12967,
13192,
13417,
13642,
13942,
14167,
14392,
14617,
14842,
14992,
15217,
15367,
15592,
15742,
15967,
16192,
16417,
16567,
16792,
16942,
17167,
17392,
17617,
17767,
17992,
18142,
18292,
18442,
18667,
18817,
18967,
19379,
19604,
19717,
19942,
20242,
20392,
20617,
20842,
21142,
21367,
21592,
21817,
22042,
22342,
22567,
22792,
22942,
23167,
23392,
23542,
23767,
23992,
24142,
24367,
24592,
24742,
25192,
25417,
25642,
25942,
26167,
26392,
26617,
26842,
27142,
27367,
27592,
27742,
27967,
28192,
28342,
28567,
28979,
29204,
29317,
29467,
29617,
29879,
30067,
30292,
30517,
30667,
30892,
31342,
31642,
31942,
32242,
32467,
32692,
32842,
33067,
33292,
33442,
33667,
33892,
34117,
34267,
34492,
34792,
34942,
35242,
35542,
35842,
36067,
36292,
36517,
36892,
37192,
37342,
37567,
37792,
37942,
38167,
38542,
38842,
39292,
39442,
39667,
39892,
40117,
40267,
40492,
40942,
41242,
41392,
41542,
41842,
42067,
42292,
42442,
42667,
42892,
43042,
43267,
43492,
43717,
43942,
44092,
44242,
44467,
44692,
44917,
45292,
45442,
45742,
45967,
46192,
46342,
46792,
46942,
47242,
47467,
47617,
47767,
48104,
48217,
48479,
48592,
48817,
49042,
49192,
49342,
49642,
49942,
50242,
50467,
50692,
50917,
51067,
51292,
51592,
51742,
51967,
52192,
52342,
52567,
52942,
53242,
53692,
53842,
54067,
54292,
54517,
54667,
54892,
55342,
55642,
55792,
55942,
56242,
56467,
56692,
56842,
57067,
57292,
57442,
57667,
57892,
58117,
58267,
58417,
58567,
58792,
58942,
59242,
59542,
59842,
60067,
60292,
60517,
60892,
61192,
61342,
61567,
61792,
61942,
62167,
62542,
62842,
62992,
63217,
63367,
63592,
63742,
63967,
64192,
64342,
64567,
64717,
64867,
65092,
65242,
65467,
65692,
65842,
65992,
66142,
66367,
66517,
66742,
66892,
67079,
67304,
67417,
67679,
67792,
67979,
68092,
68242,
73717,
75517,
78517,
82717,
86617,
88117,
96817,
97117,
101767,
104167,
106642,
109042,
109267,
109567,
111067,
111217,
111442,
112117,
112267,
112417,
112567,
112867,
113017,
113992,
114142,
114442,
114742,
115042,
115267,
115492,
115717,
115867,
116092,
116392,
116542,
116767,
116992,
117142,
117367,
117742,
118042,
118192,
118342,
118642,
118867,
119092,
119317,
119467,
119692,
120142,
120442,
120592,
120742,
121042,
121267,
121492,
121642,
121867,
122092,
122242,
122467,
122692,
122917,
123067,
123217,
123367,
123592,
123742,
124042,
124342,
124642,
124867,
125092,
125317,
125692,
125992,
126142,
126367,
126592,
126742,
126967,
127342,
127642,
128092,
128242,
128542,
128842,
128992,
129142,
129517,
129667,
129892,
130042,
130342,
130492,
130642,
130867,
131092,
131242,
131467,
131692,
131842,
131992,
132142,
132367,
132592,
132779,
132892,
133117,
133267,
133492,
133717,
133867,
134092,
134542,
134842,
135142,
135442,
135667,
135892,
136042,
136267,
136492,
136642,
136867,
137092,
137317,
137467,
137617,
137767,
137992,
138142,
138442,
138742,
139042,
139267,
139492,
139717,
140092,
140392,
140542,
140767,
140992,
141142,
141367,
141742,
142042,
142492,
142642,
142867,
143092,
143317,
143467,
143692,
144142,
144442,
144592,
144742,
145042,
145267,
145492,
145642,
145867,
146092,
146242,
146467,
146692,
146917,
147067,
147217,
147367,
147667,
147892,
148042,
148267,
148492,
148642,
148792,
148942,
149167,
149392,
149542,
149804,
149917,
150067,
150292,
150479,
150592,
150817,
151004,
151117,
151267,
151492,
151679,
151792,
152054,
152204,
152317,
152467,
152692,
152842,
153142,
153442,
153742,
153967,
154192,
154342,
154492,
154867,
155017,
155167,
155392,
155617,
155842,
156292,
156442,
156742,
157192,
157417,
157567,
157792,
158017,
158167,
158392,
158617,
158842,
159117,
159317,
159517,
159742,
160042,
160342,
160567,
160717,
160867,
161017,
161167,
161392,
161617,
161767,
161917,
162067,
162292,
162442,
162742,
163042,
163342,
163567,
163792,
163942,
164092,
164392,
164617,
164767,
164992,
165217,
165442,
165892,
166042,
166342,
166642,
166867,
167092,
167317,
167467,
167692,
167842,
168067,
168217,
168442,
168667,
168817,
169042,
169192,
169417,
169642,
169792,
169942,
170204,
170317,
170579,
170804,
170917,
171142,
171292,
171479,
178792,
179017,
179242,
179542,
179767,
179992,
180142,
180292,
180517,
180667,
180817,
180967,
181117,
182392,
182542,
182692,
183517,
183667,
183892,
184117,
184267,
184492,
184942,
185242,
185542,
185842,
186067,
186292,
186442,
186667,
186892,
187042,
187267,
187492,
187717,
187867,
188092,
188392,
188542,
188842,
189142,
189442,
189667,
189892,
190117,
190492,
190792,
190942,
191167,
191392,
191542,
191767,
192142,
192442,
192892,
193042,
193267,
193492,
193717,
193867,
194092,
194542,
194842,
194992,
195142,
195442,
195667,
195892,
196042,
196267,
196492,
196642,
196867,
197092,
197317,
197467,
197617,
197767,
197992,
198292,
198517,
198892,
199042,
199342,
199567,
199792,
199942,
200167,
200392,
200542,
200767,
200992,
201142,
201367,
201517,
201667,
201892,
202042,
202304,
202417,
202642,
202792,
202942,
203242,
203542,
203842,
204067,
204292,
204517,
204667,
204892,
205192,
205342,
205567,
205792,
205942,
206167,
206542,
206842,
207292,
207442,
207667,
207892,
208117,
208267,
208492,
208942,
209242,
209392,
209542,
209842,
210067,
210292,
210442,
210667,
210892,
211042,
211267,
211492,
211717,
211867,
212017,
212167,
212392,
212542,
212842,
213142,
213442,
213667,
213892,
214492,
214792,
214942,
215167,
215392,
215542,
215767,
216142,
216442,
216892,
217042,
217192,
217342,
217567,
217792,
217942,
218167,
218317,
218467,
218692,
218842,
219067,
219292,
219479,
219592,
219742,
219967,
220117,
220342,
220492,
220679,
220792,
221017,
221204,
221317,
221542,
221729,
221879,
221992,
222217,
222367,
222592,
222817,
222967,
223192,
223417,
223642,
223917,
224117,
224317,
224542,
224842,
225142,
225367,
225517,
225667,
225817,
226192,
226417,
226567,
226717,
226867,
227092,
227242,
227542,
227842,
228142,
228367,
228592,
228742,
228892,
229192,
229417,
229567,
229792,
230017,
230242,
230692,
230842,
231142,
231442,
231592,
231817,
231967,
232192,
232417,
232567,
232792,
233017,
233242,
233517,
233717,
233917,
234142,
234442,
234742,
234967,
235117,
235267,
235417,
235792,
236017,
236167,
236392,
236617,
236767,
236992,
237217,
237442,
237592,
237742,
237967,
238117,
238342,
238567,
238717,
238942,
239092,
239242,
239467,
239692,
239879,
240104,
240217,
240479,
240592,
240817,
241004,

3 Column Long Note Times:
31117,
38317,
40717,
52717,
55117,
62317,
80317,
91717,
94717,
97717,
99517,
101917,
104317,
105817,
107317,
109717,
113167,
113617,
117517,
119917,
127117,
134317,
141517,
143917,
173317,
175717,
178117,
183067,
184717,
191917,
194317,
206317,
208717,
214117,
215917,
241117,
245017,
246517,
247117,

3 Column Release Times:
31192,
38392,
40792,
52867,
55267,
62467,
80917,
92317,
95317,
98767,
100117,
103117,
105517,
106117,
108217,
110317,
113317,
113917,
117592,
119992,
127192,
134392,
141592,
143992,
175117,
175917,
178717,
183217,
184792,
191992,
194392,
206392,
208792,
214192,
215992,
242317,
245717,
247042,
251917,

4 Column Hit Times:
1117,
1417,
1717,
2017,
2617,
2917,
3217,
3817,
4117,
4417,
5017,
5317,
5617,
5917,
6217,
6517,
6817,
7117,
7417,
7717,
8017,
8317,
8617,
8917,
9217,
9517,
9817,
9967,
10417,
10567,
10717,
11017,
11167,
11392,
11617,
11917,
12217,
12367,
12592,
12817,
13117,
13417,
13567,
13792,
14017,
14317,
14617,
14767,
15217,
15367,
15517,
15817,
16117,
16417,
16567,
16717,
17017,
17317,
17617,
17767,
17917,
18517,
18817,
18967,
19117,
19342,
19567,
19717,
20017,
20204,
20317,
20617,
20767,
20992,
21217,
21517,
21817,
21967,
22192,
22417,
22717,
23017,
23317,
23617,
23917,
24217,
24517,
25417,
25567,
25792,
26017,
26317,
26617,
26767,
26992,
27217,
27517,
27817,
28117,
28417,
28717,
28942,
29167,
29467,
29617,
29767,
30217,
30517,
30817,
31117,
31417,
31567,
31792,
32017,
32167,
32317,
32617,
32917,
33217,
33592,
33817,
34117,
34417,
34717,
35017,
35167,
35392,
35617,
35767,
35992,
36217,
36517,
36667,
36817,
37417,
37717,
38017,
38317,
38617,
38767,
38992,
39142,
39817,
40117,
40417,
40717,
41017,
41167,
41617,
41767,
41917,
42217,
42517,
42817,
43192,
43417,
43717,
43867,
44617,
44917,
45067,
45217,
45592,
45817,
46117,
46567,
46717,
47092,
47317,
47617,
48067,
48442,
48667,
48817,
49004,
49117,
49417,
49567,
49792,
50017,
50167,
50392,
50617,
50917,
51217,
51817,
52117,
52417,
52717,
53017,
53167,
53392,
53542,
54217,
54517,
54817,
55117,
55417,
55567,
56017,
56167,
56317,
56617,
56917,
57217,
57592,
57817,
58117,
58417,
58567,
58717,
59017,
59167,
59392,
59617,
59767,
59992,
60217,
60517,
60667,
60817,
61417,
61717,
62017,
62317,
62617,
62767,
63217,
63367,
63517,
63817,
63967,
64117,
64417,
64567,
64867,
65017,
65317,
65467,
65617,
65842,
66217,
66367,
66517,
66667,
67042,
67267,
67417,
67642,
67942,
68204,
73117,
75117,
77317,
77917,
79917,
82717,
85117,
87317,
87517,
89617,
94317,
95917,
99117,
100717,
101767,
101917,
104167,
107767,
107917,
109267,
109642,
110167,
110317,
110617,
110767,
111517,
111667,
111817,
111967,
112117,
112267,
112417,
112567,
112717,
112867,
113317,
113617,
113917,
114217,
114367,
114592,
114817,
114967,
115192,
115417,
115717,
116017,
116617,
116917,
117217,
117517,
117817,
117967,
118417,
118567,
119017,
119317,
119617,
119917,
120217,
120367,
120817,
120967,
121117,
121417,
121717,
122017,
122392,
122617,
122917,
123217,
123367,
123517,
123817,
123967,
124192,
124417,
124567,
124792,
125017,
125317,
125467,
125617,
126217,
126517,
126817,
127117,
127417,
127567,
127792,
127942,
128317,
128467,
128617,
128767,
129217,
129367,
129517,
129817,
130117,
130267,
130867,
131017,
131317,
131467,
131617,
131842,
132217,
132367,
132517,
132742,
132967,
133417,
133717,
134017,
134317,
134617,
134767,
134992,
135217,
135367,
135517,
135817,
136117,
136417,
136792,
137017,
137317,
137617,
137767,
137917,
138217,
138367,
138592,
138817,
138967,
139192,
139417,
139717,
139867,
140017,
140617,
140917,
141217,
141517,
141817,
141967,
142192,
142342,
142717,
143017,
143617,
143917,
144217,
144367,
144817,
144967,
145117,
145417,
145717,
146017,
146392,
146617,
146917,
147217,
147367,
147667,
147817,
148117,
148267,
148417,
148642,
149017,
149167,
149317,
149617,
149767,
150067,
150217,
150442,
150667,
150817,
150967,
151117,
151267,
151417,
151642,
151867,
152017,
152167,
152317,
152542,
152917,
153067,
153292,
153517,
153667,
153892,
154117,
154417,
154642,
154792,
155017,
155317,
155617,
155992,
156142,
156517,
156667,
156892,
157042,
157417,
157717,
158017,
158317,
158617,
158917,
159067,
159217,
159367,
159517,
159892,
160117,
160267,
160492,
160717,
161017,
161317,
161767,
161917,
162142,
162517,
162667,
162892,
163117,
163267,
163492,
163717,
164017,
164242,
164617,
164917,
165217,
165592,
165742,
166117,
166267,
166492,
166717,
166942,
167167,
167317,
167542,
167767,
167917,
168067,
168292,
168517,
168667,
168892,
169042,
169267,
169417,
169567,
169717,
169942,
170167,
170317,
170542,
170767,
170917,
171067,
171292,
171442,
179467,
179692,
179917,
180367,
180517,
180667,
180817,
180967,
181117,
182317,
182542,
182917,
183217,
183817,
184117,
184417,
184717,
185017,
185167,
185392,
185617,
185767,
185917,
186217,
186517,
186817,
187192,
187417,
187717,
188017,
188317,
188617,
188767,
188992,
189217,
189367,
189592,
189817,
190117,
190267,
190417,
191017,
191317,
191617,
191917,
192217,
192367,
192592,
192742,
193417,
193717,
194017,
194317,
194617,
194767,
195217,
195367,
195517,
195817,
196117,
196417,
196792,
197017,
197317,
197617,
197767,
198217,
198517,
198667,
198817,
199192,
199417,
199717,
200017,
200167,
200317,
200617,
200767,
200917,
201217,
201367,
201667,
201817,
202117,
202267,
202417,
202567,
203017,
203167,
203392,
203617,
203767,
203992,
204217,
204517,
204817,
205417,
205717,
206017,
206317,
206617,
206767,
206992,
207142,
207817,
208117,
208417,
208717,
209017,
209167,
209617,
209767,
209917,
210217,
210517,
210817,
211192,
211417,
211717,
212017,
212167,
212317,
212617,
212767,
212992,
213217,
213367,
213592,
213817,
214117,
214267,
214417,
215017,
215317,
215617,
215917,
216217,
216367,
216592,
216742,
217117,
217417,
217567,
217717,
218017,
218167,
218467,
218617,
218917,
219067,
219217,
219442,
219817,
219967,
220117,
220267,
220642,
220867,
221017,
221167,
221317,
221467,
221692,
221842,
222217,
222517,
222817,
223117,
223417,
223717,
223867,
224017,
224167,
224317,
224692,
224917,
225067,
225292,
225517,
225817,
225967,
226117,
226417,
226567,
226717,
226942,
227317,
227467,
227692,
227917,
228067,
228292,
228517,
228817,
229042,
229267,
229417,
229717,
230017,
230392,
230542,
230917,
231067,
231292,
231442,
231817,
232117,
232417,
232717,
233017,
233317,
233467,
233617,
233767,
233917,
234067,
234292,
234517,
234667,
234892,
235117,
235417,
235567,
235717,
236017,
236167,
236317,
236467,
236617,
236842,
237067,
237217,
237367,
237517,
237817,
237967,
238192,
238417,
238567,
238717,
238867,
239167,
239317,
239467,
239692,
239842,
240067,
240217,
240442,
240667,
240817,
240967,

4 Column Long Note Times:
24817,
29917,
37117,
39517,
44317,
46417,
47917,
51517,
53917,
61117,
64717,
68317,
82117,
89917,
92317,
96517,
97117,
101317,
104317,
106517,
108817,
110917,
116317,
118717,
125917,
130717,
133117,
140317,
143317,
147517,
149917,
172717,
175117,
176117,
176917,
178717,
183517,
190717,
193117,
197917,
201517,
205117,
207517,
214717,
218317,
241117,
243517,
245517,
245917,
247117,

4 Column Release Times:
25117,
29992,
37192,
39592,
44392,
46492,
47992,
51667,
54067,
61267,
64792,
73042,
82417,
90517,
94117,
96817,
97717,
101692,
105517,
106717,
109117,
111442,
116392,
118792,
125992,
130792,
133192,
140392,
143392,
147592,
149992,
173917,
175717,
176767,
178117,
179317,
183592,
190792,
193192,
197992,
201592,
205192,
207592,
214792,
218392,
242917,
245017,
245817,
247042,
251917,

