Artist : DETRO
Song Name : Volcanic
Difficulty : 30.12
BPM : 191
Background Image : charts\DETRO-Volcanic\Volcanic.jpg
Audio : charts\DETRO-Volcanic\volcanic.mp3

1 Column Hit Times:
4000,
4157,
4275,
4471,
4628,
4746,
4943,
5100,
5257,
5414,
5532,
5728,
5885,
6003,
6199,
6356,
6513,
6670,
6788,
6984,
7141,
7259,
7456,
7613,
7770,
7927,
8045,
8162,
8280,
8398,
8555,
8712,
8948,
9183,
9301,
9498,
9655,
9772,
9969,
10126,
10283,
10440,
10558,
10754,
10911,
11029,
11225,
11382,
11539,
11696,
11814,
12011,
12168,
12285,
12482,
12639,
12796,
12953,
13071,
13267,
13424,
13542,
13660,
13895,
14052,
14210,
14327,
14524,
14681,
14799,
14995,
15152,
15309,
15466,
15584,
15780,
15937,
16055,
16251,
16409,
16566,
16723,
16840,
17037,
17194,
17312,
17508,
17665,
17822,
17979,
18097,
18372,
18607,
18765,
19079,
19236,
19354,
19550,
19707,
19825,
20021,
20178,
20335,
20492,
20610,
20806,
20963,
21081,
21278,
21435,
21592,
21749,
21867,
22063,
22220,
22338,
22534,
22691,
22848,
23005,
23123,
23320,
23477,
23594,
23712,
23948,
24105,
24262,
24380,
24576,
24733,
24851,
25047,
25204,
25361,
25518,
25636,
25833,
25990,
26107,
26304,
26461,
26618,
26736,
26854,
26971,
27089,
27207,
27325,
27443,
27560,
27678,
27874,
28032,
28149,
28346,
28463,
28581,
28817,
28974,
29131,
29249,
29406,
29641,
29799,
29916,
30073,
30231,
30388,
30545,
30662,
30898,
31055,
31212,
31330,
31487,
31644,
31762,
31919,
32037,
32155,
32429,
32587,
32744,
32901,
33097,
33254,
33411,
33529,
33686,
33843,
34000,
34157,
34314,
34550,
34707,
34864,
34982,
35139,
35257,
35374,
35453,
35610,
35767,
35963,
36081,
36317,
36474,
36592,
36749,
36906,
37063,
37220,
37338,
37495,
37731,
37927,
38084,
38202,
38437,
38791,
38909,
39066,
39183,
39301,
39458,
39576,
39733,
39851,
40087,
40244,
40401,
40518,
40676,
40872,
40990,
41107,
41343,
41500,
41618,
41736,
41893,
42050,
42207,
42325,
42443,
42600,
42796,
42914,
43032,
43189,
43306,
43463,
43581,
43738,
43895,
44013,
44131,
44249,
44484,
44641,
44799,
44916,
45191,
45309,
45466,
45702,
45859,
46016,
46134,
46251,
46409,
46605,
46723,
46958,
47115,
47272,
47390,
47547,
47704,
47940,
48058,
48215,
48333,
48450,
48607,
48725,
48843,
48961,
49079,
49236,
49354,
49511,
49628,
49864,
50021,
50178,
50374,
50492,
50649,
50806,
50963,
51121,
51238,
51435,
51592,
51749,
51867,
52024,
52141,
52299,
52416,
52652,
52770,
52927,
53045,
53202,
53320,
53437,
53594,
53712,
53869,
53987,
54144,
54262,
54498,
54615,
54772,
54890,
55087,
55204,
55322,
55479,
55597,
55833,
55950,
56147,
56304,
56461,
56579,
56696,
56814,
56971,
57089,
57325,
57443,
57600,
57717,
57874,
58032,
58149,
58346,
58542,
58660,
58817,
58974,
59170,
59288,
59406,
59563,
59681,
59916,
60073,
60231,
60427,
60545,
60702,
60859,
61016,
61173,
61291,
61487,
61644,
61801,
61919,
62076,
62194,
62351,
62469,
62704,
62822,
62979,
63097,
63254,
63372,
63490,
63647,
63765,
63922,
64039,
64196,
64314,
64550,
64668,
64825,
64943,
65139,
65257,
65374,
65532,
65649,
65885,
66003,
66199,
66356,
66513,
66631,
66749,
66867,
67024,
67141,
67377,
67495,
67652,
67770,
67927,
68084,
68241,
68398,
68594,
68712,
68830,
69026,
69223,
69340,
69498,
69615,
69969,
70126,
70283,
70440,
70754,
70872,
71068,
71225,
71382,
71696,
71854,
72011,
72128,
72325,
72639,
72796,
72953,
73110,
73267,
73424,
73542,
73660,
73778,
73895,
74013,
74131,
74249,
74367,
74524,
74641,
74838,
75152,
75309,
75466,
75623,
75780,
75898,
76094,
76251,
76566,
76723,
76880,
77037,
77155,
77508,
77665,
77822,
78136,
78293,
78450,
78568,
78686,
78804,
78922,
79039,
79236,
79550,
79668,
79864,
80178,
80335,
80492,
80649,
80806,
80924,
81121,
81278,
81435,
81749,
81906,
82063,
82181,
82377,
82534,
82848,
83005,
83320,
83477,
83594,
83712,
83830,
83948,
84066,
84183,
84301,
84419,
84576,
84694,
84890,
85204,
85361,
85518,
85833,
85950,
86147,
86304,
86618,
86775,
86932,
87089,
87207,
87403,
87560,
87874,
88032,
88189,
88346,
88503,
88621,
88738,
88856,
88974,
89092,
89210,
89327,
89445,
89602,
89720,
89916,
90073,
90231,
90348,
90545,
90702,
90859,
90977,
91173,
91330,
91487,
91605,
91801,
91958,
92115,
92233,
92429,
92587,
92744,
92861,
93058,
93215,
93372,
93490,
93686,
93843,
94000,
94118,
94314,
94471,
94628,
94746,
94943,
95100,
95257,
95374,
95571,
95728,
95885,
96003,
96199,
96356,
96513,
96631,
96827,
96984,
97141,
97259,
97456,
97613,
97770,
97888,
98084,
98241,
98398,
98516,
98712,
98869,
99026,
99144,
99340,
99498,
99655,
99772,
99969,
100087,
100283,
100401,
100597,
100715,
100911,
101029,
101225,
101343,
101539,
101657,
101854,
101971,
102168,
102285,
102482,
102600,
102796,
102914,
103110,
103228,
103424,
103542,
103738,
103856,
104052,
104170,
104367,
104484,
104524,
104681,
104838,
104995,
105152,
105309,
105466,
105623,
105780,
105937,
106094,
106251,
106409,
106566,
106723,
106880,
107037,
107194,
107351,
107508,
107665,
107822,
107979,
108136,
108293,
108450,
108607,
108765,
108922,
109079,
109236,
109393,
109655,
109864,
110073,
110283,
110492,
110597,
111016,
111121,
111225,
111644,
111749,
114576,
114694,
114851,
114969,
115204,
115361,
115518,
115715,
115833,
115990,
116147,
116304,
116461,
116579,
116775,
116932,
117089,
117207,
117364,
117482,
117639,
117757,
117992,
118110,
118267,
118385,
118542,
118660,
118778,
118935,
119052,
119210,
119327,
119484,
119602,
119838,
119956,
120113,
120231,
120427,
120545,
120662,
120820,
120937,
121173,
121291,
121487,
121644,
121801,
121919,
122037,
122155,
122312,
122429,
122665,
122783,
122940,
123058,
123215,
123372,
123490,
123686,
123882,
124000,
124157,
124314,
124511,
124628,
124746,
124903,
125021,
125257,
125414,
125571,
125767,
125885,
126042,
126199,
126356,
126513,
126631,
126827,
126984,
127141,
127259,
127416,
127534,
127691,
127809,
128045,
128162,
128320,
128437,
128594,
128712,
128830,
128987,
129105,
129262,
129380,
129537,
129655,
129890,
130008,
130165,
130283,
130479,
130597,
130715,
130872,
130990,
131225,
131343,
131539,
131696,
131854,
131971,
132089,
132207,
132364,
132482,
132717,
132835,
132992,
133110,
133267,
133424,
133581,
133738,
133935,
134052,
134170,
134367,
134563,
134681,
134916,
135152,
135466,
135623,
135859,
136173,
136409,
136566,
136723,
136880,
137037,

1 Column Long Note Times:
112063,
112168,
112272,
112377,
112482,
112587,
112691,
112796,
112901,
113005,
113110,
113215,
113320,
113424,
113529,
113634,
113738,
113843,
113948,
114052,
114157,
114262,

1 Column Release Times:
112089,
112194,
112299,
112403,
112508,
112613,
112717,
112822,
112927,
113032,
113136,
113241,
113346,
113450,
113555,
113660,
113765,
113869,
113974,
114079,
114183,
114288,

2 Column Hit Times:
4236,
4471,
4707,
4943,
5100,
5492,
5963,
6199,
6356,
6749,
7220,
7456,
7613,
7770,
8005,
8123,
8241,
8359,
8555,
8712,
8869,
9026,
9262,
9498,
9733,
9969,
10126,
10283,
10518,
10754,
10990,
11225,
11382,
11539,
11775,
12011,
12246,
12482,
12639,
12796,
13032,
13267,
13503,
13621,
13738,
13895,
14052,
14288,
14524,
14759,
14995,
15152,
15309,
15545,
15780,
16016,
16251,
16409,
16566,
16801,
17037,
17272,
17508,
17665,
17822,
18058,
18333,
18450,
18607,
18765,
19000,
19314,
19550,
19785,
20021,
20178,
20335,
20571,
20806,
21042,
21278,
21435,
21592,
21827,
22063,
22299,
22534,
22691,
22848,
23084,
23320,
23555,
23673,
23791,
23948,
24105,
24340,
24576,
24812,
25047,
25204,
25361,
25597,
25833,
26068,
26304,
26461,
26696,
26814,
26932,
27050,
27168,
27285,
27403,
27521,
27639,
27874,
28110,
28424,
28542,
28660,
28817,
28974,
29210,
29327,
29484,
29602,
29720,
29877,
29995,
30191,
30309,
30427,
30584,
30741,
30859,
30977,
31134,
31251,
31409,
31605,
31723,
31840,
32076,
32233,
32351,
32508,
32626,
32822,
32940,
33058,
33176,
33333,
33450,
33607,
33804,
33922,
34079,
34236,
34354,
34471,
34668,
34785,
34943,
35060,
35296,
35414,
35571,
35689,
35846,
36003,
36160,
36278,
36395,
36552,
36670,
36827,
36945,
37141,
37259,
37456,
37573,
37691,
37809,
37927,
38045,
38162,
38241,
38398,
38477,
38634,
38751,
38869,
39026,
39144,
39262,
39380,
39537,
39655,
39772,
39890,
40008,
40165,
40361,
40479,
40597,
40754,
40911,
41068,
41186,
41304,
41422,
41539,
41696,
41814,
42011,
42128,
42285,
42403,
42521,
42717,
42874,
42992,
43110,
43228,
43385,
43581,
43699,
43817,
44052,
44210,
44327,
44445,
44563,
44720,
44838,
44995,
45113,
45270,
45388,
45505,
45623,
45820,
45937,
46055,
46173,
46369,
46487,
46644,
46762,
46880,
47037,
47233,
47351,
47469,
47626,
47744,
47901,
48018,
48176,
48293,
48411,
48568,
48686,
48804,
48922,
49039,
49196,
49314,
49432,
49550,
49668,
49785,
49903,
50060,
50178,
50296,
50492,
50610,
50728,
50846,
51003,
51121,
51278,
51395,
51513,
51710,
51827,
51945,
52063,
52220,
52377,
52495,
52613,
52731,
52848,
53005,
53123,
53280,
53398,
53516,
53634,
53791,
53948,
54066,
54183,
54301,
54419,
54576,
54694,
54890,
55008,
55165,
55283,
55401,
55518,
55676,
55793,
55911,
56029,
56147,
56265,
56382,
56500,
56618,
56775,
56893,
57011,
57128,
57246,
57403,
57521,
57678,
57796,
57992,
58110,
58267,
58385,
58503,
58660,
58778,
58895,
59013,
59131,
59249,
59367,
59484,
59602,
59720,
59838,
59956,
60113,
60231,
60348,
60545,
60662,
60780,
60898,
61055,
61173,
61330,
61448,
61566,
61762,
61880,
61998,
62115,
62272,
62429,
62547,
62665,
62783,
62901,
63058,
63176,
63333,
63450,
63568,
63686,
63843,
64000,
64118,
64236,
64354,
64471,
64628,
64746,
64943,
65060,
65217,
65335,
65453,
65571,
65728,
65846,
65963,
66081,
66199,
66317,
66435,
66552,
66670,
66827,
66945,
67063,
67181,
67299,
67456,
67573,
67731,
67848,
67966,
68084,
68202,
68320,
68437,
68555,
68673,
68791,
68948,
69066,
69183,
69301,
69576,
69812,
69969,
70126,
70283,
70597,
70833,
71107,
71225,
71382,
71539,
71696,
71854,
72089,
72325,
72482,
72796,
72953,
73267,
73503,
73621,
73738,
73856,
73974,
74092,
74210,
74327,
74602,
74838,
74995,
75309,
75466,
75623,
75859,
76134,
76251,
76409,
76566,
76723,
76880,
77115,
77351,
77665,
77822,
77979,
78136,
78293,
78529,
78647,
78765,
78882,
79000,
79157,
79314,
79628,
79864,
80021,
80335,
80492,
80649,
80885,
81160,
81278,
81435,
81592,
81749,
81906,
82141,
82377,
82534,
82691,
82848,
83005,
83162,
83555,
83673,
83791,
83909,
84026,
84144,
84262,
84380,
84655,
84890,
85047,
85361,
85518,
85676,
85911,
86186,
86304,
86461,
86775,
86932,
87168,
87403,
87560,
87717,
88032,
88189,
88346,
88581,
88699,
88817,
88935,
89052,
89170,
89288,
89406,
89681,
89916,
90073,
90309,
90545,
90702,
90937,
91173,
91330,
91566,
91801,
91958,
92194,
92429,
92587,
92822,
93058,
93215,
93450,
93686,
93843,
94079,
94314,
94471,
94707,
94943,
95100,
95335,
95571,
95728,
95963,
96199,
96356,
96592,
96827,
96984,
97220,
97456,
97613,
97848,
98084,
98241,
98477,
98712,
98869,
99105,
99340,
99498,
99733,
100047,
100361,
100676,
100990,
101304,
101618,
101932,
102246,
102560,
102874,
103189,
103503,
103817,
104131,
104445,
104524,
104681,
104838,
104995,
105152,
105309,
105466,
105623,
105780,
105937,
106094,
106251,
106409,
106566,
106723,
106880,
107037,
107194,
107351,
107508,
107665,
107822,
107979,
108136,
108293,
108450,
108607,
108765,
108922,
109079,
109236,
109393,
109550,
109759,
109864,
109969,
110178,
110388,
110492,
110702,
110806,
110911,
111121,
111330,
111435,
111539,
111854,
114655,
114772,
114890,
115008,
115126,
115244,
115401,
115518,
115636,
115833,
115950,
116068,
116186,
116343,
116461,
116618,
116736,
116854,
117050,
117168,
117285,
117403,
117560,
117717,
117835,
117953,
118071,
118189,
118346,
118463,
118621,
118738,
118856,
118974,
119131,
119288,
119406,
119524,
119641,
119759,
119916,
120034,
120231,
120348,
120505,
120623,
120741,
120859,
121016,
121134,
121251,
121369,
121487,
121605,
121723,
121840,
121958,
122115,
122233,
122351,
122469,
122587,
122744,
122861,
123018,
123136,
123333,
123450,
123607,
123725,
123843,
124000,
124118,
124236,
124354,
124471,
124589,
124707,
124825,
124943,
125060,
125178,
125296,
125453,
125571,
125689,
125885,
126003,
126121,
126238,
126395,
126513,
126670,
126788,
126906,
127102,
127220,
127338,
127456,
127613,
127770,
127888,
128005,
128123,
128241,
128398,
128516,
128673,
128791,
128909,
129026,
129183,
129340,
129458,
129576,
129694,
129812,
129969,
130087,
130283,
130401,
130558,
130676,
130793,
130911,
131068,
131186,
131304,
131422,
131539,
131657,
131775,
131893,
132011,
132168,
132285,
132403,
132521,
132639,
132796,
132914,
133071,
133189,
133306,
133424,
133542,
133660,
133778,
133895,
134013,
134131,
134288,
134406,
134524,
134641,
134838,
134995,
135152,
135309,
135545,
135702,
135859,
136094,
136251,
136487,
136801,
137037,

2 Column Long Note Times:
112063,
112168,
112272,
112377,
112482,
112587,
112691,
112796,
112901,
113005,
113110,
113215,
113320,
113424,
113529,
113634,
113738,
113843,
113948,
114052,
114157,
114262,

2 Column Release Times:
112089,
112194,
112299,
112403,
112508,
112613,
112717,
112822,
112927,
113032,
113136,
113241,
113346,
113450,
113555,
113660,
113765,
113869,
113974,
114079,
114183,
114288,

3 Column Hit Times:
4000,
4196,
4314,
4668,
4785,
4943,
5100,
5257,
5453,
5571,
5728,
5924,
6042,
6199,
6356,
6513,
6710,
6827,
6984,
7181,
7299,
7456,
7613,
7770,
7966,
8084,
8202,
8320,
8555,
8712,
8869,
9026,
9223,
9340,
9498,
9694,
9812,
9969,
10126,
10283,
10479,
10597,
10754,
10950,
11068,
11225,
11382,
11539,
11736,
11854,
12011,
12207,
12325,
12482,
12639,
12796,
12992,
13110,
13267,
13463,
13581,
13699,
13895,
14052,
14249,
14367,
14524,
14720,
14838,
14995,
15152,
15309,
15505,
15623,
15780,
15977,
16094,
16251,
16409,
16566,
16762,
16880,
17037,
17233,
17351,
17508,
17665,
17822,
18018,
18136,
18293,
18411,
18607,
18765,
18922,
19079,
19275,
19393,
19550,
19746,
19864,
20021,
20178,
20335,
20532,
20649,
20806,
21003,
21121,
21278,
21435,
21592,
21788,
21906,
22063,
22259,
22377,
22534,
22691,
22848,
23045,
23162,
23320,
23516,
23634,
23751,
23948,
24105,
24301,
24419,
24576,
24772,
24890,
25047,
25204,
25361,
25558,
25676,
25833,
26029,
26147,
26304,
26461,
26657,
26775,
26893,
27011,
27128,
27246,
27364,
27482,
27600,
27717,
27874,
28071,
28189,
28385,
28503,
28621,
28817,
28974,
29170,
29288,
29445,
29563,
29681,
29838,
30034,
30152,
30270,
30388,
30505,
30702,
30820,
30937,
31094,
31291,
31448,
31566,
31683,
31880,
31998,
32194,
32312,
32469,
32665,
32783,
32901,
33018,
33136,
33293,
33490,
33647,
33765,
33882,
34039,
34157,
34275,
34393,
34511,
34628,
34746,
34903,
35100,
35217,
35414,
35532,
35649,
35806,
35924,
36121,
36238,
36356,
36513,
36670,
36788,
37024,
37181,
37299,
37416,
37534,
37652,
37770,
37888,
38005,
38123,
38280,
38359,
38516,
38594,
38712,
38830,
38987,
39105,
39223,
39340,
39498,
39694,
39812,
39929,
40047,
40204,
40322,
40440,
40558,
40715,
40833,
41029,
41147,
41265,
41382,
41579,
41696,
41854,
41971,
42089,
42246,
42364,
42560,
42678,
42835,
42953,
43071,
43267,
43424,
43542,
43660,
43856,
43974,
44170,
44288,
44406,
44524,
44681,
44838,
44956,
45073,
45231,
45427,
45545,
45662,
45780,
45898,
46094,
46212,
46330,
46448,
46566,
46683,
46801,
46919,
47076,
47194,
47312,
47429,
47587,
47783,
47861,
47979,
48136,
48254,
48372,
48529,
48647,
48765,
48882,
49000,
49157,
49275,
49471,
49589,
49746,
49864,
49982,
50100,
50217,
50335,
50453,
50571,
50689,
50806,
50924,
51042,
51160,
51317,
51435,
51552,
51670,
51788,
51906,
52063,
52181,
52338,
52456,
52573,
52691,
52809,
52966,
53084,
53241,
53359,
53477,
53634,
53751,
53909,
54026,
54223,
54340,
54458,
54576,
54733,
54851,
54969,
55126,
55244,
55361,
55518,
55636,
55754,
55872,
55990,
56107,
56225,
56343,
56461,
56657,
56775,
56932,
57050,
57168,
57285,
57403,
57560,
57717,
57835,
57953,
58071,
58228,
58346,
58463,
58621,
58738,
58856,
58974,
59092,
59210,
59327,
59524,
59641,
59799,
59916,
60034,
60152,
60270,
60388,
60505,
60623,
60741,
60859,
60977,
61094,
61212,
61369,
61487,
61605,
61723,
61840,
61958,
62115,
62233,
62390,
62508,
62626,
62744,
62861,
63018,
63136,
63293,
63411,
63529,
63686,
63804,
63961,
64079,
64275,
64393,
64511,
64628,
64785,
64903,
65021,
65178,
65296,
65414,
65571,
65689,
65806,
65924,
66042,
66160,
66278,
66395,
66513,
66710,
66827,
66984,
67102,
67220,
67338,
67456,
67613,
67770,
67888,
68045,
68162,
68280,
68398,
68516,
68634,
68751,
68909,
69026,
69144,
69262,
69537,
69655,
69812,
70126,
70283,
70440,
70597,
70793,
70911,
71147,
71539,
71696,
71854,
72050,
72168,
72325,
72482,
72639,
72953,
73110,
73463,
73581,
73699,
73817,
73935,
74052,
74170,
74288,
74563,
74681,
74995,
75152,
75466,
75820,
75937,
76173,
76409,
76723,
76880,
77076,
77194,
77351,
77508,
77822,
77979,
78136,
78293,
78490,
78607,
78725,
78843,
78961,
79079,
79393,
79589,
79707,
79864,
80021,
80178,
80492,
80846,
80963,
81199,
81435,
81592,
81906,
82102,
82220,
82377,
82691,
82848,
83162,
83320,
83516,
83634,
83751,
83869,
83987,
84105,
84223,
84340,
84615,
84733,
84890,
85047,
85204,
85518,
85676,
85872,
85990,
86225,
86461,
86618,
86932,
87128,
87246,
87403,
87717,
87874,
88189,
88346,
88542,
88660,
88778,
88895,
89013,
89131,
89249,
89367,
89641,
89759,
89916,
90073,
90270,
90388,
90545,
90702,
90898,
91016,
91173,
91330,
91526,
91644,
91801,
91958,
92155,
92272,
92429,
92587,
92783,
92901,
93058,
93215,
93411,
93529,
93686,
93843,
94039,
94157,
94314,
94471,
94668,
94785,
94943,
95100,
95296,
95414,
95571,
95728,
95924,
96042,
96199,
96356,
96552,
96670,
96827,
96984,
97181,
97299,
97456,
97613,
97809,
97927,
98084,
98241,
98437,
98555,
98712,
98869,
99066,
99183,
99340,
99498,
99694,
99812,
100008,
100126,
100322,
100440,
100636,
100754,
100950,
101068,
101265,
101382,
101579,
101696,
101893,
102011,
102207,
102325,
102521,
102639,
102835,
102953,
103149,
103267,
103463,
103581,
103778,
103895,
104092,
104210,
104406,
104524,
104681,
104838,
104995,
105152,
105309,
105466,
105623,
105780,
105937,
106094,
106251,
106409,
106566,
106723,
106880,
107037,
107194,
107351,
107508,
107665,
107822,
107979,
108136,
108293,
108450,
108607,
108765,
108922,
109079,
109236,
109393,
109550,
109655,
109864,
110073,
110178,
110283,
110492,
110597,
110806,
111016,
111121,
111225,
111435,
111644,
111749,
111958,
114615,
114812,
114929,
115087,
115204,
115322,
115440,
115558,
115676,
115793,
115911,
116029,
116147,
116265,
116382,
116500,
116657,
116775,
116893,
117011,
117128,
117246,
117403,
117521,
117678,
117796,
117914,
118032,
118149,
118306,
118424,
118581,
118699,
118817,
118974,
119092,
119249,
119367,
119563,
119681,
119799,
119916,
120073,
120191,
120309,
120466,
120584,
120702,
120859,
120977,
121094,
121212,
121330,
121448,
121566,
121683,
121801,
121998,
122115,
122272,
122390,
122508,
122626,
122744,
122901,
123058,
123176,
123293,
123411,
123568,
123686,
123804,
123961,
124079,
124196,
124314,
124432,
124550,
124668,
124864,
124982,
125139,
125257,
125374,
125492,
125610,
125728,
125846,
125963,
126081,
126199,
126317,
126435,
126552,
126710,
126827,
126945,
127063,
127181,
127299,
127456,
127573,
127731,
127848,
127966,
128084,
128202,
128359,
128477,
128634,
128751,
128869,
129026,
129144,
129301,
129419,
129615,
129733,
129851,
129969,
130126,
130244,
130361,
130518,
130636,
130754,
130911,
131029,
131147,
131265,
131382,
131500,
131618,
131736,
131854,
132050,
132168,
132325,
132443,
132560,
132678,
132796,
132953,
133110,
133228,
133385,
133503,
133621,
133738,
133856,
133974,
134092,
134249,
134367,
134484,
134602,
134759,
134916,
135073,
135231,
135388,
135545,
135780,
135937,
136094,
136330,
136487,
136723,
136958,
137115,

3 Column Long Note Times:
112115,
112220,
112325,
112429,
112534,
112639,
112744,
112848,
112953,
113058,
113162,
113267,
113372,
113477,
113581,
113686,
113791,
113895,
114000,
114105,
114210,

3 Column Release Times:
112141,
112246,
112351,
112456,
112560,
112665,
112770,
112874,
112979,
113084,
113189,
113293,
113398,
113503,
113607,
113712,
113817,
113922,
114026,
114131,
114236,

4 Column Hit Times:
4000,
4157,
4314,
4471,
4628,
4785,
4943,
5100,
5257,
5414,
5571,
5728,
5885,
6042,
6199,
6356,
6513,
6670,
6827,
6984,
7141,
7299,
7456,
7613,
7770,
7927,
8084,
8241,
8398,
8555,
8712,
8948,
9183,
9340,
9498,
9655,
9812,
9969,
10126,
10283,
10440,
10597,
10754,
10911,
11068,
11225,
11382,
11539,
11696,
11854,
12011,
12168,
12325,
12482,
12639,
12796,
12953,
13110,
13267,
13424,
13581,
13738,
13895,
14052,
14210,
14367,
14524,
14681,
14838,
14995,
15152,
15309,
15466,
15623,
15780,
15937,
16094,
16251,
16409,
16566,
16723,
16880,
17037,
17194,
17351,
17508,
17665,
17822,
17979,
18136,
18293,
18450,
18607,
18765,
18922,
19079,
19236,
19393,
19550,
19707,
19864,
20021,
20178,
20335,
20492,
20649,
20806,
20963,
21121,
21278,
21435,
21592,
21749,
21906,
22063,
22220,
22377,
22534,
22691,
22848,
23005,
23162,
23320,
23477,
23634,
23791,
23948,
24105,
24262,
24419,
24576,
24733,
24890,
25047,
25204,
25361,
25518,
25676,
25833,
25990,
26147,
26304,
26461,
26618,
26775,
26932,
27089,
27246,
27403,
27560,
27717,
27874,
28032,
28189,
28346,
28503,
28660,
28817,
28974,
29131,
29367,
29524,
29759,
29956,
30113,
30348,
30466,
30623,
30780,
31016,
31173,
31369,
31526,
31644,
31801,
31958,
32115,
32272,
32390,
32547,
32704,
32861,
32979,
33215,
33372,
33568,
33725,
33961,
34118,
34196,
34432,
34589,
34825,
35021,
35178,
35335,
35492,
35728,
35885,
36042,
36199,
36435,
36631,
36710,
36867,
36984,
37102,
37377,
37613,
37848,
37966,
38084,
38320,
38555,
38673,
38948,
39183,
39419,
39615,
39812,
39969,
40126,
40283,
40440,
40636,
40793,
40950,
41068,
41225,
41461,
41657,
41775,
41932,
42168,
42325,
42482,
42639,
42757,
42953,
43149,
43346,
43503,
43621,
43778,
43935,
44092,
44210,
44367,
44602,
44759,
44877,
45034,
45152,
45348,
45466,
45584,
45741,
45977,
46094,
46291,
46526,
46723,
46840,
46998,
47155,
47351,
47508,
47665,
47822,
47979,
48097,
48293,
48490,
48607,
48765,
48922,
49118,
49236,
49393,
49550,
49707,
49825,
49943,
50139,
50257,
50414,
50532,
50767,
50885,
51081,
51199,
51356,
51474,
51631,
51749,
51984,
52102,
52259,
52377,
52534,
52691,
52888,
53005,
53162,
53320,
53555,
53673,
53830,
53948,
54105,
54262,
54380,
54537,
54655,
54812,
54929,
55047,
55204,
55440,
55558,
55715,
55833,
56068,
56186,
56422,
56539,
56736,
56854,
57089,
57207,
57364,
57482,
57639,
57757,
57914,
58032,
58189,
58306,
58424,
58581,
58699,
58935,
59052,
59288,
59445,
59602,
59759,
59877,
59995,
60191,
60309,
60466,
60584,
60820,
60937,
61134,
61251,
61409,
61526,
61683,
61801,
62037,
62155,
62312,
62429,
62587,
62744,
62940,
63058,
63215,
63372,
63607,
63725,
63882,
64000,
64157,
64314,
64432,
64589,
64707,
64864,
64982,
65100,
65257,
65492,
65610,
65767,
65885,
66121,
66238,
66474,
66592,
66788,
66906,
67141,
67259,
67416,
67534,
67691,
67809,
68005,
68123,
68359,
68477,
68712,
68869,
68987,
69105,
69340,
69498,
69655,
69812,
69969,
70440,
70597,
70754,
70911,
71068,
71186,
71382,
71539,
71854,
72011,
72168,
72482,
72639,
72796,
73110,
73267,
73424,
73581,
73738,
73895,
74052,
74210,
74367,
74524,
74681,
74838,
74995,
75152,
75309,
75623,
75780,
75937,
76094,
76212,
76409,
76566,
76880,
77037,
77194,
77351,
77508,
77665,
77979,
78136,
78293,
78450,
78607,
78765,
78922,
79079,
79236,
79393,
79550,
79707,
80021,
80178,
80335,
80649,
80806,
80963,
81121,
81238,
81592,
81749,
81906,
82063,
82220,
82534,
82691,
83005,
83162,
83320,
83477,
83634,
83791,
83948,
84105,
84262,
84419,
84576,
84733,
85047,
85204,
85361,
85676,
85833,
85990,
86147,
86265,
86461,
86618,
86775,
86932,
87089,
87246,
87560,
87717,
87874,
88032,
88189,
88346,
88503,
88660,
88817,
88974,
89131,
89288,
89445,
89602,
89759,
89916,
90073,
90231,
90388,
90545,
90702,
90859,
91016,
91173,
91330,
91487,
91644,
91801,
91958,
92115,
92272,
92429,
92587,
92744,
92901,
93058,
93215,
93372,
93529,
93686,
93843,
94000,
94157,
94314,
94471,
94628,
94785,
94943,
95100,
95257,
95414,
95571,
95728,
95885,
96042,
96199,
96356,
96513,
96670,
96827,
96984,
97141,
97299,
97456,
97613,
97770,
97927,
98084,
98241,
98398,
98555,
98712,
98869,
99026,
99183,
99340,
99498,
99655,
99812,
99969,
100126,
100283,
100440,
100597,
100754,
100911,
101068,
101225,
101382,
101539,
101696,
101854,
102011,
102168,
102325,
102482,
102639,
102796,
102953,
103110,
103267,
103424,
103581,
103738,
103895,
104052,
104210,
104367,
104524,
104681,
104838,
104995,
105152,
105309,
105466,
105623,
105780,
105937,
106094,
106251,
106409,
106566,
106723,
106880,
107037,
107194,
107351,
107508,
107665,
107822,
107979,
108136,
108293,
108450,
108607,
108765,
108922,
109079,
109236,
109393,
109550,
109759,
109969,
110178,
110388,
110702,
110806,
110911,
111330,
111435,
111539,
111749,
114576,
114733,
114890,
115047,
115165,
115283,
115479,
115597,
115754,
115872,
116107,
116225,
116422,
116539,
116696,
116814,
116971,
117089,
117325,
117443,
117600,
117717,
117874,
118032,
118228,
118346,
118503,
118660,
118895,
119013,
119170,
119288,
119445,
119602,
119720,
119877,
119995,
120152,
120270,
120388,
120545,
120780,
120898,
121055,
121173,
121409,
121526,
121762,
121880,
122076,
122194,
122429,
122547,
122704,
122822,
122979,
123097,
123254,
123372,
123529,
123647,
123765,
123922,
124039,
124275,
124393,
124628,
124785,
124943,
125100,
125217,
125335,
125532,
125649,
125806,
125924,
126160,
126278,
126474,
126592,
126749,
126867,
127024,
127141,
127377,
127495,
127652,
127770,
127927,
128084,
128280,
128398,
128555,
128712,
128948,
129066,
129223,
129340,
129498,
129655,
129772,
129929,
130047,
130204,
130322,
130440,
130597,
130833,
130950,
131107,
131225,
131461,
131579,
131814,
131932,
132128,
132246,
132482,
132600,
132757,
132874,
133032,
133149,
133346,
133463,
133699,
133817,
134052,
134210,
134327,
134445,
134681,
134838,
135231,
135466,
135780,
136016,
136173,
136409,
136644,
136801,
137115,

4 Column Long Note Times:
112115,
112220,
112325,
112429,
112534,
112639,
112744,
112848,
112953,
113058,
113162,
113267,
113372,
113477,
113581,
113686,
113791,
113895,
114000,
114105,
114210,

4 Column Release Times:
112141,
112246,
112351,
112456,
112560,
112665,
112770,
112874,
112979,
113084,
113189,
113293,
113398,
113503,
113607,
113712,
113817,
113922,
114026,
114131,
114236,

